Vernier Format 2
Untitled.cmbl 26/10/2023 11:33:00 ,
Latest
Time	GateState	Distance	Velocity	Acceleration
t	State	d	v	acc
s		rad	rad/s	rad/s²

0,0539848	1	0	 	 
0,0563844	0	 	 	 
0,122888	1	0,7854	11,6536802603	7,40402435787
0,1251844	0	 	 	 
0,1888988	1	1,5708	11,4465506927	-13,6796510011
0,1953848	0	 	 	 
0,260584	1	2,3562	11,1649496712	5,823049596
0,2632972	0	 	 	 
0,329684	1	3,1416	11,3661360347	0
0,3321076	0	 	 	 
0,398784	1	3,927	11,3796722203	0,391785399683
0,4009	0	 	 	 
0,46772	1	4,7124	11,3826282811	-0,306022929324
0,469884	0	 	 	 
0,536784	1	5,4978	11,4094404238	1,08246630612
0,5389924	0	 	 	 
0,6053984	1	6,2832	11,383319682	-1,84384414669
0,607884	0	 	 	 
0,674784	1	7,0686	11,5853845735	7,66824839136
0,6770048	0	 	 	 
0,74112	1	7,854	11,3886597018	-13,5994131195
0,7476816	0	 	 	 
0,813184	1	8,6394	11,1033237063	5,68045232047
0,815984	0	 	 	 
0,882684	1	9,4248	11,3006543855	-0,00187162557737
0,8851256	0	 	 	 
0,9521848	1	10,2102	11,3170178274	0,472756620906
0,9542936	0	 	 	 
1,0214844	1	10,9956	11,324164907	-0,266490506431
1,023684	0	 	 	 
1,0908972	1	11,781	11,3482327831	0,959961338149
1,093184	0	 	 	 
1,1599048	1	12,5664	11,3239540781	-1,66361441383
1,162384	0	 	 	 
1,2296192	1	13,3518	11,5201661215	7,29263921734
1,2318936	0	 	 	 
1,2963844	1	14,1372	11,324375093	-13,1577015099
1,3028996	0	 	 	 
1,3687844	1	14,9226	11,050663807	5,59661626205
1,371584	0	 	 	 
1,438622	1	15,708	11,243741337	-0,0672873618182
1,4411216	0	 	 	 
1,5084888	1	16,4934	11,2538209328	0,355824858392
1,510684	0	 	 	 
1,5782016	1	17,2788	11,2596094075	-0,189758519794
1,580384	0	 	 	 
1,6479964	1	18,0642	11,2861029172	0,948941429115
1,6502844	0	 	 	 
1,717384	1	18,8496	11,2617719063	-1,65024860366
1,719884	0	 	 	 
1,7874844	1	19,635	11,4596110253	7,29469910344
1,7897844	0	 	 	 
1,8545876	1	20,4204	11,2630213284	-13,1540231556
1,861184	0	 	 	 
1,9274176	1	21,2058	10,9842639895	5,49900904388
1,9302172	0	 	 	 
1,997684	1	21,9912	11,179785683	0,0661456667255
2,0001844	0	 	 	 
2,0679212	1	22,7766	11,1923896864	0,292752564464
2,0701012	0	 	 	 
2,1380296	1	23,562	11,1964304528	-0,177480603989
2,1402236	0	 	 	 
2,208216	1	24,3474	11,2232071711	0,940497893773
2,210484	0	 	 	 
2,277992	1	25,1328	11,1990212011	-1,63374399721
2,280484	0	 	 	 
2,3484856	1	25,9182	11,3939278113	7,16351153001
2,350786	0	 	 	 
2,4159848	1	26,7036	11,2000181404	-12,9090513567
2,4225848	0	 	 	 
2,4891988	1	27,489	10,9271158761	5,45413114273
2,4920148	0	 	 	 
2,55983	1	28,2744	11,1174661304	-0,0641546365262
2,562384	0	 	 	 
2,63049	1	29,0598	11,1280802583	0,364582824859
2,632684	0	 	 	 
2,7009868	1	29,8452	11,132983332	-0,225482222319
2,703192	0	 	 	 
2,7715844	1	30,6306	11,1616574008	1,03780640321
2,773884	0	 	 	 
2,8417216	1	31,416	11,1394064678	-1,6723037322
2,844216	0	 	 	 
2,9126052	1	32,2014	11,3306905336	7,06943553095
2,914918	0	 	 	 
2,980484	1	32,9868	11,1382705268	-12,7389525748
2,9871104	0	 	 	 
3,0540964	1	33,7722	10,8674564749	5,38111471357
3,056928	0	 	 	 
3,1251184	1	34,5576	11,0551539741	-0,0954990119075
3,127684	0	 	 	 
3,196184	1	35,343	11,0646823928	0,363657409313
3,198384	0	 	 	 
3,267084	1	36,1284	11,0697784371	-0,219904397026
3,2692916	0	 	 	 
3,338084	1	36,9138	11,0991743038	1,04795698057
3,3403844	0	 	 	 
3,4086112	1	37,6992	11,0767797193	-1,68301932448
3,41112	0	 	 	 
3,4799024	1	38,4846	11,2647772073	6,95709208578
3,4822284	0	 	 	 
3,5481844	1	39,27	11,0743968447	-12,5333892837
3,554884	0	 	 	 
3,6222052	1	40,0554	10,8024984533	5,1868490843
3,625084	0	 	 	 
3,693684	1	40,8408	10,992459982	0,128336079451
3,696192	0	 	 	 
3,7651032	1	41,6262	11,0058406573	0,246371991747
3,7673204	0	 	 	 
3,8364084	1	42,4116	11,0090102958	-0,157468559197
3,838684	0	 	 	 
3,9077864	1	43,197	11,0329468436	0,828166750917
3,9100904	0	 	 	 
3,978784	1	43,9824	11,0084270492	-1,51888853123
3,9812848	0	 	 	 
4,050484	1	44,7678	11,2068762599	7,05443136745
4,052784	0	 	 	 
4,1190848	1	45,5532	11,0142501196	-12,6702883338
4,1257948	0	 	 	 
4,1935848	1	46,3386	10,7414756475	5,34748371316
4,1964212	0	 	 	 
4,2654188	1	47,124	10,9286467817	-0,136270800279
4,2679904	0	 	 	 
4,3373172	1	47,9094	10,9337726609	0,278857540278
4,339584	0	 	 	 
4,409084	1	48,6948	10,9411885147	-0,0721922377902
4,411302	0	 	 	 
4,4808848	1	49,4802	10,9692294056	0,853266848756
4,4831996	0	 	 	 
4,5522868	1	50,2656	10,9436573963	-1,56954956565
4,5548252	0	 	 	 
4,6244276	1	51,051	11,1351452696	6,87827564674
4,626784	0	 	 	 
4,693488	1	51,8364	10,9411494643	-12,4964245511
4,700284	0	 	 	 
4,768484	1	52,6218	10,6756280956	5,41547706925
4,7713224	0	 	 	 
4,8407296	1	53,4072	10,8630828394	-0,226102386477
4,8433176	0	 	 	 
4,913084	1	54,1926	10,8722990154	0,480853336019
4,9152928	0	 	 	 
4,9852076	1	54,978	10,8781407046	-0,318862278235
4,987484	0	 	 	 
5,057484	1	55,7634	10,9027566624	1,00002398124
5,059784	0	 	 	 
5,1292844	1	56,5488	10,8847460889	-1,50170847152
5,1318052	0	 	 	 
5,2018032	1	57,3342	11,0721003466	6,66876191694
5,204184	0	 	 	 
5,2712844	1	58,1196	10,8782363603	-12,2490911657
5,2780848	0	 	 	 
5,3466844	1	58,905	10,6134305928	5,22506550181
5,3495848	0	 	 	 
5,419384	1	59,6904	10,8023504635	-0,0277914934129
5,421984	0	 	 	 
5,4920972	1	60,4758	10,8104840063	0,251507208957
5,4943844	0	 	 	 
5,5646876	1	61,2612	10,8117301247	-0,217174337466
5,5669844	0	 	 	 
5,637384	1	62,0466	10,8394356168	0,979398933768
5,639708	0	 	 	 
5,709606	1	62,832	10,8179513429	-1,57434988911
5,712184	0	 	 	 
5,7825952	1	63,6174	11,004319788	6,68109020422
5,784984	0	 	 	 
5,8524844	1	64,4028	10,8154796192	-12,0850773361
5,8593236	0	 	 	 
5,9283152	1	65,1882	10,5490118977	5,05712242842
5,9312316	0	 	 	 
6,0014844	1	65,9736	10,73173762	-0,0625147990829
6,00409	0	 	 	 
6,0746848	1	66,759	10,7433105269	0,378712714403
6,0769832	0	 	 	 
6,1476968	1	67,5444	10,7493147595	-0,21424022851
6,149984	0	 	 	 
6,2208152	1	68,3298	10,7733773997	0,872423125675
6,223184	0	 	 	 
6,2935032	1	69,1152	10,747082943	-1,59591136909
6,2960876	0	 	 	 
6,3669844	1	69,9006	10,9400849621	6,84901064146
6,3693308	0	 	 	 
6,4372308	1	70,686	10,7555562454	-12,1027664704
6,4441244	0	 	 	 
6,5135288	1	71,4714	10,4868789332	5,05992623447
6,5164844	0	 	 	 
6,587116	1	72,2568	10,6671729649	-0,159779694481
6,589784	0	 	 	 
6,6607844	1	73,0422	10,6802012127	0,513479456064
6,6630188	0	 	 	 
6,7341928	1	73,8276	10,6857185472	-0,363160569743
6,736492	0	 	 	 
6,8077848	1	74,613	10,7084505134	0,980944192887
6,8101096	0	 	 	 
6,880884	1	75,3984	10,692219896	-1,42501519191
6,883484	0	 	 	 
6,9547024	1	76,1838	10,8791338256	6,48917073188
6,957112	0	 	 	 
7,0254048	1	76,9692	10,686997763	-11,9242355287
7,032384	0	 	 	 
7,1021848	1	77,7546	10,4249125765	5,09732262213
7,1050976	0	 	 	 
7,1761848	1	78,54	10,6114493863	-0,0557872215939
7,1788088	0	 	 	 
7,2502136	1	79,3254	10,6192143835	0,265570365871
7,2525104	0	 	 	 
7,3241056	1	80,1108	10,6226509062	-0,172555623429
7,3264176	0	 	 	 
7,3980864	1	80,8962	10,6491738232	0,889577254972
7,4004856	0	 	 	 
7,4716128	1	81,6816	10,6270100654	-1,49245616069
7,4742272	0	 	 	 
7,5459064	1	82,467	10,8118737503	6,46902708737
7,5483312	0	 	 	 
7,6170352	1	83,2524	10,6260125485	-11,6950734076
7,6240032	0	 	 	 
7,6942272	1	84,0378	10,3645912924	4,92180011236
7,6971952	0	 	 	 
7,768688	1	84,8232	10,5450576095	-0,0745162503106
7,771388	0	 	 	 
7,843188	1	85,6086	10,5548927719	0,33854745393
7,845492	0	 	 	 
7,9175104	1	86,394	10,5613419388	-0,16500174118
7,9198864	0	 	 	 
7,9919192	1	87,1794	10,5865742988	0,843210770053
7,9943208	0	 	 	 
8,0658896	1	87,9648	10,5650483214	-1,42522674965
8,0685136	0	 	 	 
8,1406056	1	88,7502	10,7468798453	6,29249812248
8,1430896	0	 	 	 
8,2121872	1	89,5356	10,5634436385	-11,417731614
8,2191904	0	 	 	 
8,2897928	1	90,321	10,3060875667	4,78532179396
8,2927912	0	 	 	 
8,3646976	1	91,1064	10,4791051973	-0,16565441317
8,367392	0	 	 	 
8,4396912	1	91,8918	10,4913688404	0,492712803112
8,4419928	0	 	 	 
8,5144216	1	92,6772	10,4998503667	-0,265722814671
8,5167936	0	 	 	 
8,5892936	1	93,4626	10,5222546593	0,864192005553
8,5917	0	 	 	 
8,663708	1	94,248	10,5002281137	-1,4561888668
8,6663944	0	 	 	 
8,7388984	1	95,0334	10,6821769088	6,29587039753
8,7413952	0	 	 	 
8,8108952	1	95,8188	10,4978330633	-11,4167603669
8,8179936	0	 	 	 
8,8890304	1	96,6042	10,2385764332	4,78065704493
8,892036	0	 	 	 
8,9644136	1	97,3896	10,4156186989	-0,083529151169
8,967112	0	 	 	 
9,0398424	1	98,175	10,4241029563	0,308489839994
9,0421968	0	 	 	 
9,1151032	1	98,9604	10,430118672	-0,148626650736
9,1174968	0	 	 	 
9,1904448	1	99,7458	10,4554535345	0,821159818791
9,1928968	0	 	 	 
9,2653432	1	100,5312	10,4332602347	-1,41378395591
9,2680056	0	 	 	 
9,3410096	1	101,3166	10,6121541721	6,14227473673
9,3434984	0	 	 	 
9,4134984	1	102,102	10,4306086289	-11,1512014436
9,4205992	0	 	 	 
9,4920984	1	102,8874	10,1731457854	4,59998405053
9,4951128	0	 	 	 
9,5679992	1	103,6728	10,3477170201	-7,25513591707E-13
9,5707	0	 	 	 
9,6439	1	104,4582	10,361239394	0,356317031582
9,646212	0	 	 	 
9,7196032	1	105,2436	10,3616201704	-0,346257314324
9,7220008	0	 	 	 
9,7954984	1	106,029	10,3819069845	0,880858030356
9,7979016	0	 	 	 
9,870908	1	106,8144	10,3656733122	-1,31140460138
9,8735376	0	 	 	 
9,947044	1	107,5998	10,5451824976	6,02689229367
9,9495304	0	 	 	 
10,0200024	1	108,3852	10,3582070812	-11,1524272954
10,0271376	0	 	 	 
10,0992032	1	109,1706	10,1059606026	4,78263106646
10,102208	0	 	 	 
10,1755408	1	109,956	10,2800647814	-0,221204487284
10,178304	0	 	 	 
10,252004	1	110,7414	10,2885093298	0,442083246583
10,2543352	0	 	 	 
10,3282168	1	111,5268	10,2937123093	-0,305545040511
10,3306048	0	 	 	 
10,4046024	1	112,3122	10,3193802918	0,977608427549
10,4070168	0	 	 	 
10,4804392	1	113,0976	10,3004041963	-1,47805400455
10,4831368	0	 	 	 
10,5571104	1	113,883	10,4768004689	6,07942381833
10,559612	0	 	 	 
10,6305128	1	114,6684	10,2949846504	-11,0333713319
10,6377104	0	 	 	 
10,7102056	1	115,4538	10,0374409585	4,56995953232
10,7133056	0	 	 	 
10,7871064	1	116,2392	10,2132108551	0,00138164060054
10,7898136	0	 	 	 
10,8640064	1	117,0246	10,2254196729	0,316142878275
10,8664072	0	 	 	 
10,940724	1	117,81	10,2300899755	-0,194389782465
10,9431264	0	 	 	 
11,0175536	1	118,5954	10,252851996	0,78692236063
11,0200336	0	 	 	 
11,0939328	1	119,3808	10,2300970111	-1,38276481197
11,096648	0	 	 	 
11,1711088	1	120,1662	10,4071385273	5,97075890815
11,1736256	0	 	 	 
11,2450096	1	120,9516	10,2274051426	-10,8349385845
11,2522344	0	 	 	 
11,3252104	1	121,737	9,97743720323	4,60138631673
11,3283104	0	 	 	 
11,4025488	1	122,5224	10,1507532944	-0,119367262486
11,4053176	0	 	 	 
11,4799576	1	123,3078	10,1563351111	0,263583853404
11,4824088	0	 	 	 
11,5572112	1	124,0932	10,163098383	-0,0884911202818
11,559616	0	 	 	 
11,6345168	1	124,8786	10,1868084796	0,701903254667
11,6370136	0	 	 	 
11,7114128	1	125,664	10,1662289458	-1,23715954445
11,7141136	0	 	 	 
11,7890352	1	126,4494	10,3435744424	5,80660075416
11,7916144	0	 	 	 
11,8634136	1	127,2348	10,1627448614	-10,6690226677
11,8707144	0	 	 	 
11,9441144	1	128,0202	9,91474358972	4,52283150997
11,9472144	0	 	 	 
12,021948	1	128,8056	10,0822744514	-0,217984717485
12,0247344	0	 	 	 
12,0999128	1	129,591	10,0908150631	0,437073632323
12,1023144	0	 	 	 
12,1776152	1	130,3764	10,1008378314	-0,179095286214
12,1800376	0	 	 	 
12,2554248	1	131,1618	10,1212289646	0,703224267684
12,257936	0	 	 	 
12,332816	1	131,9472	10,1002023891	-1,24660841368
12,3355432	0	 	 	 
12,4109536	1	132,7326	10,2760801705	5,74835357692
12,4135168	0	 	 	 
12,485816	1	133,518	10,098063813	-10,5041818035
12,493124	0	 	 	 
12,5670232	1	134,3034	9,84822818818	4,35114057586
12,5701472	0	 	 	 
12,645416	1	135,0888	10,0175507835	-0,0312898917354
12,648216	0	 	 	 
12,723828	1	135,8742	10,0242113755	0,201176949809
12,7262608	0	 	 	 
12,8021168	1	136,6596	10,031317651	-0,0196369207932
12,804528	0	 	 	 
12,8804176	1	137,445	10,0564189453	0,660787310971
12,882944	0	 	 	 
12,9583176	1	138,2304	10,0311749016	-1,30890139883
12,9611152	0	 	 	 
13,0370176	1	139,0158	10,2098906908	5,85059871211
13,0395504	0	 	 	 
13,1123184	1	139,8012	10,032959056	-10,5499281979
13,1197184	0	 	 	 
13,1941184	1	140,5866	9,78110408419	4,3921049273
13,1972336	0	 	 	 
13,2730184	1	141,372	9,95427169511	-0,00255838946816
13,2758184	0	 	 	 
13,35192	1	142,1574	9,96069337595	0,165335337869
13,3543616	0	 	 	 
13,4307184	1	142,9428	9,96690390779	-0,007704425416
13,4331344	0	 	 	 
13,5095216	1	143,7282	9,99229447456	0,652108885245
13,512048	0	 	 	 
13,5879216	1	144,5136	9,97139013534	-1,18538284477
13,5906608	0	 	 	 
13,6670592	1	145,299	10,1471185148	5,62646722062
13,6696432	0	 	 	 
13,7428672	1	146,0844	9,96866533954	-10,3344973824
13,7503232	0	 	 	 
13,8251648	1	146,8698	9,72087735317	4,31274252272
13,8283296	0	 	 	 
13,9045616	1	147,6552	9,8880048226	-0,102812917671
13,907424	0	 	 	 
13,984024	1	148,4406	9,89400097047	0,253730782425
13,9865248	0	 	 	 
14,0633248	1	149,226	9,90226402728	-0,045332965309
14,0657728	0	 	 	 
14,1426544	1	150,0114	9,92744170477	0,680094201676
14,1452256	0	 	 	 
14,2215552	1	150,7968	9,90358664946	-1,28477895277
14,22436	0	 	 	 
14,301272	1	151,5822	10,0739282133	5,55844683362
14,3038736	0	 	 	 
14,3776272	1	152,3676	9,90068752444	-10,0962042853
14,3851264	0	 	 	 
14,4604528	1	153,153	9,65436610717	4,14825057853
14,46364	0	 	 	 
14,5404304	1	153,9384	9,81887502746	-0,034375686439
14,5432528	0	 	 	 
14,6204304	1	154,7238	9,82981802912	0,307950727881
14,6228672	0	 	 	 
14,7002304	1	155,5092	9,83590095715	-0,155496391105
14,7027312	0	 	 	 
14,7801312	1	156,2946	9,86048484701	0,770856684179
14,78268	0	 	 	 
14,859536	1	157,08	9,83650574341	-1,37482781928
14,86236	0	 	 	 
14,939832	1	157,8654	10,0088901416	5,6685509991
14,942432	0	 	 	 
15,016632	1	158,6508	9,83808890918	-10,1164997609
15,0241664	0	 	 	 
15,1000416	1	159,4362	9,59002528494	4,16841646493
15,1032496	0	 	 	 
15,1805312	1	160,2216	9,75690974755	-0,0216829088459
15,183432	0	 	 	 
15,2610352	1	161,007	9,76595596674	0,246422528997
15,2635328	0	 	 	 
15,341376	1	161,7924	9,76876422636	-0,176513849632
15,3439328	0	 	 	 
15,4218336	1	162,5778	9,79470439553	0,82132973203
15,4244336	0	 	 	 
15,501752	1	163,3632	9,77525198647	-1,30813650135
15,5046336	0	 	 	 
15,5825344	1	164,1486	9,94311398692	5,46404175905
15,5851712	0	 	 	 
15,65988	1	164,934	9,77051401798	-9,92712612151
15,6674656	0	 	 	 
15,7438464	1	165,7194	9,52770210998	4,14357679704
15,7470752	0	 	 	 
15,8248528	1	166,5048	9,69094072218	-0,113312220418
15,827752	0	 	 	 
15,905936	1	167,2902	9,69718242715	0,267270252829
15,9084368	0	 	 	 
15,9868384	1	168,0756	9,70559568117	-0,0592849763487
15,9893376	0	 	 	 
16,0677808	1	168,861	9,73007834812	0,664225451407
16,0704384	0	 	 	 
16,1482784	1	169,6464	9,70528409355	-1,28025014222
16,1511408	0	 	 	 
16,22964	1	170,4318	9,87628731055	5,48378638044
16,232264	0	 	 	 
16,3074816	1	171,2172	9,70556208809	-9,8702641109
16,3151392	0	 	 	 
16,39204	1	172,0026	9,45972312415	4,05560905717
16,3952752	0	 	 	 
16,4736384	1	172,788	9,62490565483	-0,00693823308106
16,4765408	0	 	 	 
16,5552416	1	173,5734	9,63437067431	0,238914907526
16,5577472	0	 	 	 
16,63668	1	174,3588	9,63682082652	-0,178742993355
16,6392416	0	 	 	 
16,7182416	1	175,1442	9,65696566548	0,672721506762
16,7208688	0	 	 	 
16,7993424	1	175,9296	9,63717948719	-1,16066190414
16,8022432	0	 	 	 
16,8812432	1	176,715	9,80757641815	5,32171847407
16,8839424	0	 	 	 
16,959656	1	177,5004	9,63444982632	-9,73749222106
16,9673456	0	 	 	 
17,0448432	1	178,2858	9,39599614257	4,13914684173
17,0480736	0	 	 	 
17,1269472	1	179,0712	9,55968368821	-0,151824771037
17,129888	0	 	 	 
17,2091584	1	179,8566	9,56071064134	0,176808061032
17,211744	0	 	 	 
17,2912448	1	180,642	9,56712840079	-0,0204420991177
17,2937664	0	 	 	 
17,3733456	1	181,4274	9,59364711125	0,666445803545
17,3759824	0	 	 	 
17,4549808	1	182,2128	9,57091896111	-1,22326810926
17,4578832	0	 	 	 
17,5374768	1	182,9982	9,73651715738	5,23796448888
17,5401696	0	 	 	 
17,616464	1	183,7836	9,56571731732	-9,56271179122
17,6242464	0	 	 	 
17,702248	1	184,569	9,32829557244	4,02737315294
17,7055472	0	 	 	 
17,7849664	1	185,3544	9,48927287699	-0,135196695168
17,7879472	0	 	 	 
17,8677824	1	186,1398	9,49230968918	0,208535474694
17,870352	0	 	 	 
17,950448	1	186,9252	9,49817307527	-0,0666775291024
17,953048	0	 	 	 
18,0331616	1	187,7106	9,52012763343	0,597534804409
18,035848	0	 	 	 
18,115448	1	188,496	9,50150944048	-1,05005655652
18,1183488	0	 	 	 
18,1984896	1	189,2814	9,66928357834	5,09078163541
18,2012496	0	 	 	 
18,2780496	1	190,0668	9,49714134082	-9,41813803347
18,2858496	0	 	 	 
18,3644496	1	190,8522	9,26246758443	3,98587515388
18,3677504	0	 	 	 
18,4477504	1	191,6376	9,4228768698	-0,134548747026
18,4507504	0	 	 	 
18,5311504	1	192,423	9,42714349778	0,236865964745
18,5337504	0	 	 	 
18,614376	1	193,2084	9,42849624665	-0,20435796544
18,6169808	0	 	 	 
18,697752	1	193,9938	9,45285567975	0,788685184212
18,7003952	0	 	 	 
18,780552	1	194,7792	9,43482991503	-1,22409012919
18,7834848	0	 	 	 
18,8642512	1	195,5646	9,59879980481	5,14216556547
18,8669584	0	 	 	 
18,9443552	1	196,35	9,4321299614	-9,30350191325
18,9522528	0	 	 	 
19,0313568	1	197,1354	9,19181768503	3,77918336332
19,0347504	0	 	 	 
19,115352	1	197,9208	9,35017812577	-0,00848121026347
19,1183536	0	 	 	 
19,1993536	1	198,7062	9,35544180602	0,133804543462
19,2019536	0	 	 	 
19,2832544	1	199,4916	9,35971665972	-0,0319019704878
19,285856	0	 	 	 
19,3671792	1	200,277	9,38355726845	0,60004413415
19,3698896	0	 	 	 
19,450656	1	201,0624	9,36179553682	-1,12142807855
19,453656	0	 	 	 
19,534976	1	201,8478	9,52293578503	4,94354022766
19,5377568	0	 	 	 
19,6157568	1	202,6332	9,35740470724	-9,04181798163
19,6236576	0	 	 	 
19,7034016	1	203,4186	9,12546158071	3,74901962908
19,7067744	0	 	 	 
19,7879984	1	204,204	9,27974309943	-0,101564436457
19,7910576	0	 	 	 
19,8726736	1	204,9894	9,28458387945	0,215902046931
19,8753008	0	 	 	 
19,9571824	1	205,7748	9,28843695814	-0,12471441471
19,9598592	0	 	 	 
20,0417872	1	206,5602	9,3115073277	0,670082279562
20,04456	0	 	 	 
20,12588	1	207,3456	9,29105495448	-1,15650616412
20,1288688	0	 	 	 
20,2108624	1	208,131	9,45332183791	4,97534120359
20,2136624	0	 	 	 
20,2922032	1	208,9164	9,288017275	-9,03983437099
20,3001824	0	 	 	 
20,3805632	1	209,7018	9,05557823984	3,77865204525
20,3839632	0	 	 	 
20,4657792	1	210,4872	9,21122388796	-0,125684337039
20,468864	0	 	 	 
20,5510944	1	211,2726	9,21365130171	0,182588939019
20,5537648	0	 	 	 
20,6362656	1	212,058	9,21909012237	-0,054873921151
20,6389072	0	 	 	 
20,72148	1	212,8434	9,24372341251	0,63302245324
20,7242672	0	 	 	 
20,8062	1	213,6288	9,22355651863	-1,109105878
20,8092112	0	 	 	 
20,891792	1	214,4142	9,38283931502	4,83101438325
20,8945856	0	 	 	 
20,973768	1	215,1996	9,2183176822	-8,84491193433
20,9817888	0	 	 	 
21,062768	1	215,985	8,98682085365	3,64273601184
21,066168	0	 	 	 
21,1486672	1	216,7704	9,14208322505	-0,0277460841607
21,1516976	0	 	 	 
21,2345888	1	217,5558	9,14745875307	0,152872432411
21,2372672	0	 	 	 
21,3203872	1	218,3412	9,14924452751	-0,111245212295
21,323072	0	 	 	 
21,4062752	1	219,1266	9,17101530579	0,618202605114
21,4090688	0	 	 	 
21,4916688	1	219,912	9,15283391634	-1,04402818107
21,49468	0	 	 	 
21,5779024	1	220,6974	9,31255409859	4,74838894648
21,5807664	0	 	 	 
21,6605008	1	221,4828	9,14809183464	-8,73060322534
21,6686032	0	 	 	 
21,7501936	1	222,2682	8,91705078977	3,57877286936
21,7536688	0	 	 	 
21,836768	1	223,0536	9,07020643123	-0,0406451673384
21,8398688	0	 	 	 
21,923376	1	223,839	9,0744894964	0,139552085258
21,9260688	0	 	 	 
22,0098688	1	224,6244	9,07892967696	-0,0368804047999
22,0125696	0	 	 	 
22,096392	1	225,4098	9,10093287702	0,545488501943
22,099184	0	 	 	 
22,1824688	1	226,1952	9,08135672549	-1,0003416454
22,1854816	0	 	 	 
22,2693696	1	226,9806	9,24279754894	4,71586148981
22,2721808	0	 	 	 
22,3525776	1	227,766	9,07943117323	-8,64256026166
22,3607696	0	 	 	 
22,4429696	1	228,5514	8,85062416255	3,58001024206
22,4464704	0	 	 	 
22,5301712	1	229,3368	9,00168356121	-0,115408705697
22,5332896	0	 	 	 
22,6174704	1	230,1222	9,00657204899	0,227402579024
22,6201712	0	 	 	 
22,7045776	1	230,9076	9,01176359244	-0,108203627537
22,7073024	0	 	 	 
22,791776	1	231,693	9,03321914341	0,60031245
22,7945888	0	 	 	 
22,878472	1	232,4784	9,01614699187	-0,994151878394
22,8815728	0	 	 	 
22,9660048	1	233,2638	9,17282132588	4,5739376046
22,9688752	0	 	 	 
23,0498736	1	234,0492	9,01224410847	-8,40318560653
23,0580736	0	 	 	 
23,1408832	1	234,8346	8,7856220931	3,4230073535
23,1443856	0	 	 	 
23,2287744	1	235,62	8,93320411605	-0,0647184019486
23,231896	0	 	 	 
23,3167216	1	236,4054	8,93524023447	0,111021602622
23,3194752	0	 	 	 
23,4045728	1	237,1908	8,94036117935	0,00556063814353
23,4072752	0	 	 	 
23,4924192	1	237,9762	8,96473648186	0,549392154697
23,4952752	0	 	 	 
23,5797952	1	238,7616	8,94279261587	-1,05167804543
23,5829008	0	 	 	 
23,6680784	1	239,547	9,09424621614	4,4827634676
23,670976	0	 	 	 
23,7526768	1	240,3324	8,93457640585	-8,25753486483
23,760976	0	 	 	 
23,8444768	1	241,1178	8,71230124769	3,41493882645
23,847992	0	 	 	 
23,9330864	1	241,9032	8,85792864731	-0,127994756722
23,9362784	0	 	 	 
24,0218096	1	242,6886	8,85993316165	0,173180555678
24,0245792	0	 	 	 
24,1103792	1	243,474	8,86528146442	-0,0524099352918
24,1131216	0	 	 	 
24,1989952	1	244,2594	8,88846099829	0,575555504213
24,20188	0	 	 	 
24,2871056	1	245,0448	8,86878537185	-1,02216853598
24,29028	0	 	 	 
24,37612	1	245,8302	9,0216970979	4,45783121646
24,3790256	0	 	 	 
24,4613808	1	246,6156	8,86430462362	-8,14985555312
24,4697184	0	 	 	 
24,55392	1	247,401	8,64074807202	3,31824794023
24,5574816	0	 	 	 
24,6432816	1	248,1864	8,78712287743	-0,0422366465075
24,6464816	0	 	 	 
24,7326816	1	248,9718	8,79446182437	0,206418904729
24,7354816	0	 	 	 
24,8218944	1	249,7572	8,79791771859	-0,128943604849
24,8246864	0	 	 	 
24,911224	1	250,5426	8,81861480266	0,592330524225
24,9141088	0	 	 	 
25,0000208	1	251,328	8,80026061296	-1,00572807246
25,003184	0	 	 	 
25,089728	1	252,1134	8,9502268241	4,34918793162
25,0926848	0	 	 	 
25,1756848	1	252,8988	8,79227383105	-8,02435948412
25,1840848	0	 	 	 
25,2689856	1	253,6842	8,57339402822	3,3324425268
25,2725856	0	 	 	 
25,3590192	1	254,4696	8,7169134323	-0,144312671378
25,3622864	0	 	 	 
25,4491872	1	255,255	8,7185445339	0,180491839252
25,4519872	0	 	 	 
25,5391872	1	256,0404	8,72186524497	-0,106698259901
25,5419872	0	 	 	 
25,6292864	1	256,8258	8,74629663677	0,649020318188
25,6321872	0	 	 	 
25,7187872	1	257,6112	8,72712778237	-1,07737077748
25,7219872	0	 	 	 
25,809288	1	258,3966	8,87813523663	4,41452258737
25,8122016	0	 	 	 
25,895888	1	259,182	8,72283045408	-8,00123811975
25,9043888	0	 	 	 
25,9899888	1	259,9674	8,50030920858	3,27181508615
25,9935968	0	 	 	 
26,0807984	1	260,7528	8,64384531358	-0,110561099775
26,0840912	0	 	 	 
26,1717136	1	261,5382	8,6453717584	0,144140629278
26,1745328	0	 	 	 
26,2624912	1	262,3236	8,65084706379	-0,0235094297168
26,2652912	0	 	 	 
26,3532912	1	263,109	8,67375445365	0,528077488294
26,3562064	0	 	 	 
26,443592	1	263,8944	8,65493216078	-0,944957357939
26,446792	0	 	 	 
26,534792	1	264,6798	8,8066435302	4,27196107316
26,537792	0	 	 	 
26,6221248	1	265,4652	8,65076700122	-7,84167437636
26,6306944	0	 	 	 
26,7169936	1	266,2506	8,42903084032	3,16708882467
26,7206416	0	 	 	 
26,8085952	1	267,036	8,57326258257	-0,0179791530949
26,8118336	0	 	 	 
26,9002144	1	267,8214	8,57874045678	0,137558328913
26,9030976	0	 	 	 
26,9916992	1	268,6068	8,57963765317	-0,117944220676
26,9945984	0	 	 	 
27,0832992	1	269,3922	8,60267177479	0,620872640349
27,0862048	0	 	 	 
27,1742976	1	270,1776	8,58787169717	-0,946154790866
27,1775008	0	 	 	 
27,2662176	1	270,963	8,73444468286	4,13529721234
27,2692192	0	 	 	 
27,3543008	1	271,7484	8,5802446686	-7,63653273184
27,3629088	0	 	 	 
27,449904	1	272,5338	8,36475365968	3,12850352527
27,4536	0	 	 	 
27,5422048	1	273,3192	8,50471716326	-0,0957345009769
27,5455072	0	 	 	 
27,6346016	1	274,1046	8,50930188351	0,194974307022
27,6374976	0	 	 	 
27,7268032	1	274,89	8,51327334994	-0,108826855639
27,729696	0	 	 	 
27,8191136	1	275,6754	8,53279347885	0,531750576257
27,822096	0	 	 	 
27,910896	1	276,4608	8,51501849234	-0,91907944349
27,9141408	0	 	 	 
28,0035968	1	277,2462	8,66250607914	4,10109269042
28,0066176	0	 	 	 
28,0923968	1	278,0316	8,51013213807	-7,53293820994
28,1010976	0	 	 	 
28,1888	1	278,817	8,29419310225	3,0530239369
28,1924992	0	 	 	 
28,2818976	1	279,6024	8,43543804023	-0,0186828157654
28,2852	0	 	 	 
28,3750144	1	280,3878	8,44052285947	0,127896604071
28,377904	0	 	 	 
28,468	1	281,1732	8,44139147478	-0,109213812108
28,4708992	0	 	 	 
28,5610976	1	281,9586	8,46353614833	0,584944089706
28,5640992	0	 	 	 
28,6536	1	282,744	8,44550264364	-0,974847588115
28,6568992	0	 	 	 
28,7471008	1	283,5294	8,59173717447	4,10283217914
28,7501056	0	 	 	 
28,8366016	1	284,3148	8,44212593073	-7,4460703118
28,8454016	0	 	 	 
28,9338016	1	285,1002	8,22464709641	2,97119717748
28,9375424	0	 	 	 
29,0277024	1	285,8856	8,36343358024	-0,0151737180457
29,0310144	0	 	 	 
29,1216192	1	286,671	8,3685745888	0,124653780479
29,1245344	0	 	 	 
29,2154048	1	287,4564	8,36942847713	-0,106444410846
29,2183168	0	 	 	 
29,3093024	1	288,2418	8,39119529483	0,570073251159
29,312304	0	 	 	 
29,4026048	1	289,0272	8,37612466942	-0,893122291823
29,4059072	0	 	 	 
29,4968448	1	289,8126	8,52162790652	3,98105177196
29,4999136	0	 	 	 
29,5871072	1	290,598	8,37035249356	-7,33295495562
29,5960064	0	 	 	 
29,6851488	1	291,3834	8,15652143447	2,97090743524
29,6889216	0	 	 	 
29,779808	1	292,1688	8,29111591708	-0,127137730761
29,7832064	0	 	 	 
29,8746048	1	292,9542	8,29618127936	0,234005521217
29,8775136	0	 	 	 
29,9691488	1	293,7396	8,30107118647	-0,130563587086
29,9721056	0	 	 	 
30,0638336	1	294,525	8,31721511186	0,471567114449
30,0669024	0	 	 	 
30,1580128	1	295,3104	8,29948526145	-0,848080196075
30,1613152	0	 	 	 
30,2531072	1	296,0958	8,44818263647	3,97544363738
30,2562112	0	 	 	 
30,3441248	1	296,8812	8,29905893089	-7,25225395936
30,3531072	0	 	 	 
30,4430368	1	297,6666	8,08497660095	2,92351063315
30,4468416	0	 	 	 
30,5385312	1	298,452	8,2197514563	-0,1008350552
30,541952	0	 	 	 
30,6341376	1	299,2374	8,22085560669	0,12393288926
30,6371104	0	 	 	 
30,7296064	1	300,0228	8,22525567375	-0,0317547732008
30,732544	0	 	 	 
30,8251104	1	300,8082	8,24792310343	0,506445460081
30,8282112	0	 	 	 
30,9200576	1	301,5936	8,22888225311	-0,907528384469
30,9234304	0	 	 	 
31,0160096	1	302,379	8,36980302884	3,84484653799
31,0191232	0	 	 	 
31,1079072	1	303,1644	8,2238452435	-7,02137748858
31,1169088	0	 	 	 
31,2076576	1	303,9498	8,0146334719	2,8266720719
31,2115104	0	 	 	 
31,304016	1	304,7352	8,14501302172	-0,120534364793
31,3075136	0	 	 	 
31,400512	1	305,5206	8,14745483541	0,171144000156
31,4035136	0	 	 	 
31,4968128	1	306,306	8,15136627726	-0,0899101608642
31,4998144	0	 	 	 
31,593216	1	307,0914	8,17159100182	0,509496327283
31,5963168	0	 	 	 
31,6890432	1	307,8768	8,15211022836	-0,916077620768
31,692448	0	 	 	 
31,7859136	1	308,6622	8,29393726138	3,84425863418
31,7890272	0	 	 	 
31,8786176	1	309,4476	8,14918948019	-6,96705336117
31,8877152	0	 	 	 
31,9793312	1	310,233	7,93822582001	2,7776755575
31,983216	0	 	 	 
32,0766144	1	311,0184	8,06843247114	-0,100817659489
32,0801152	0	 	 	 
32,174016	1	311,8038	8,07176012788	0,169146244169
32,1770176	0	 	 	 
32,2712192	1	312,5892	8,0759968274	-0,081974226844
32,2742304	0	 	 	 
32,3685184	1	313,3746	8,09543970202	0,481625500848
32,3716544	0	 	 	 
32,4652576	1	314,16	8,07644059351	-0,874415776253
32,46872	0	 	 	 
32,5630208	1	314,9454	8,2159494287	3,72843109468
32,5662208	0	 	 	 
32,6566272	1	315,7308	8,07044641334	-6,83725731518
32,6658208	0	 	 	 
32,7583264	1	316,5162	7,86297980941	2,75725267557
32,76224	0	 	 	 
32,8565216	1	317,3016	7,9928918351	-0,111257236114
32,8600384	0	 	 	 
32,9548512	1	318,087	7,99393627509	0,132500889802
32,95792	0	 	 	 
33,0530208	1	318,8724	7,99523448949	-0,10605249023
33,0561216	0	 	 	 
33,1513184	1	319,6578	8,01721767491	0,553330662308
33,1544416	0	 	 	 
33,2489536	1	320,4432	8,00129701513	-0,879456071648
33,2524256	0	 	 	 
33,347648	1	321,2286	8,13749534257	3,63945719514
33,3508704	0	 	 	 
33,4421664	1	322,014	7,99286337122	-6,69985541069
33,45144	0	 	 	 
33,544848	1	322,7994	7,78635266109	2,67750456821
33,5488256	0	 	 	 
33,6440256	1	323,5848	7,91682928099	-0,0463334187531
33,6475392	0	 	 	 
33,7432608	1	324,3702	7,91990078756	0,108236988776
33,7463392	0	 	 	 
33,8423616	1	325,1556	7,9207931379	-0,0902280455256
33,8454624	0	 	 	 
33,9415744	1	325,941	7,93884922184	0,454215029713
33,9447744	0	 	 	 
34,0402272	1	326,7264	7,9230772061	-0,773962988979
34,043728	0	 	 	 
34,13984	1	327,5118	8,05856702893	3,49429256165
34,1431264	0	 	 	 
34,2353248	1	328,2972	7,91540323895	-6,49296439157
34,24464	0	 	 	 
34,3389536	1	329,0826	7,71478064719	2,62101775582
34,3429408	0	 	 	 
34,439056	1	329,868	7,83958558341	-0,127472421757
34,44264	0	 	 	 
34,5393216	1	330,6534	7,83958558342	0,127472421768
34,5424224	0	 	 	 
34,639424	1	331,4388	7,84446171221	-0,0300496067969
34,6425248	0	 	 	 
34,7395648	1	332,2242	7,86494424728	0,439124330917
34,7428256	0	 	 	 
34,8391488	1	333,0096	7,84626375936	-0,814294798516
34,8427264	0	 	 	 
34,9397728	1	333,795	7,98081110167	3,48855426571
34,943056	0	 	 	 
35,0361536	1	334,5804	7,83854724063	-6,4406746266
35,0456256	0	 	 	 
35,1408544	1	335,3658	7,63739336058	2,59822299209
35,1449248	0	 	 	 
35,241952	1	336,1512	7,76198577752	-0,133428240613
35,2455712	0	 	 	 
35,3432256	1	336,9366	7,76198577752	0,133428240608
35,3463488	0	 	 	 
35,4443232	1	337,722	7,76467940819	-0,0801405133137
35,447456	0	 	 	 
35,5455264	1	338,5074	7,78702404024	0,521720069241
35,5487424	0	 	 	 
35,646048	1	339,2928	7,77164051722	-0,827794047825
35,6496256	0	 	 	 
35,7476576	1	340,0782	7,9014647416	3,38314756519
35,751024	0	 	 	 
35,8450272	1	340,8636	7,76127995007	-6,26258409427
35,854528	0	 	 	 
35,9507296	1	341,649	7,56368018694	2,52378983554
35,9548288	0	 	 	 
36,0528288	1	342,4344	7,68698533358	-0,108390955983
36,0564672	0	 	 	 
36,1550752	1	343,2198	7,68686461592	0,106029647219
36,1582464	0	 	 	 
36,2571776	1	344,0052	7,68662457168	-0,110731676643
36,2603712	0	 	 	 
36,3594304	1	344,7906	7,7057181299	0,484189581355
36,3627328	0	 	 	 
36,4610304	1	345,576	7,69265005368	-0,741435176158
36,4646336	0	 	 	 
36,5636352	1	346,3614	7,82537067897	3,32846083741
36,5669824	0	 	 	 
36,6619456	1	347,1468	7,68409548576	-6,20252488779
36,6716352	0	 	 	 
36,7687616	1	347,9322	7,48484253008	2,47175504662
36,7728704	0	 	 	 
36,871936	1	348,7176	7,60775783325	-0,0890844776469
36,8756352	0	 	 	 
36,9752352	1	349,503	7,60917694012	0,116560137931
36,9784352	0	 	 	 
37,0783712	1	350,2884	7,61047097013	-0,091466474882
37,0816352	0	 	 	 
37,1816352	1	351,0738	7,63037887746	0,477039517339
37,184944	0	 	 	 
37,2842368	1	351,8592	7,61455568887	-0,785478929437
37,2878752	0	 	 	 
37,387936	1	352,6446	7,74513327484	3,30387031481
37,3913376	0	 	 	 
37,4872384	1	353,43	7,60711843411	-6,08355823244
37,4969728	0	 	 	 
37,5951392	1	354,2154	7,40952564052	2,42106836053
37,5993376	0	 	 	 
37,6993632	1	355,0008	7,52911560969	-0,126204045833
37,7031392	0	 	 	 
37,8037696	1	355,7862	7,52749423979	0,0951452236645
37,80704	0	 	 	 
37,9080384	1	356,5716	7,53002963507	-0,0465133168572
37,9112768	0	 	 	 
38,0123744	1	357,357	7,54843748714	0,399370472134
38,0157408	0	 	 	 
38,1161376	1	358,1424	7,53190226434	-0,718081205809
38,1198368	0	 	 	 
38,2209376	1	358,9278	7,66201321227	3,20111456322
38,2243392	0	 	 	 
38,3213376	1	359,7132	7,52373307052	-5,95569906019
38,3311584	0	 	 	 
38,4304384	1	360,4986	7,32746909156	2,35785231735
38,4346368	0	 	 	 
38,5358368	1	361,284	7,44709671303	-0,0878440160836
38,5395648	0	 	 	 
38,6413664	1	362,0694	7,44449442143	0,0385253110768
38,6446432	0	 	 	 
38,7468384	1	362,8548	7,44550984081	-0,0192705441998
38,7501376	0	 	 	 
38,8523392	1	363,6402	7,4657866974	0,403663014985
38,8557408	0	 	 	 
38,9572416	1	364,4256	7,44839836729	-0,735177453383
38,960944	0	 	 	 
39,0632416	1	365,211	7,57721271257	3,16563679831
39,0666656	0	 	 	 
39,1647424	1	365,9964	7,44107922157	-5,84804897648
39,1747424	0	 	 	 
39,2750752	1	366,7818	7,24609917705	2,3136504201
39,2793408	0	 	 	 
39,3816512	1	367,5672	7,3618887949	-0,14074811834
39,3854688	0	 	 	 
39,4884448	1	368,3526	7,36111301634	0,126219559205
39,491744	0	 	 	 
39,5950432	1	369,138	7,36419641783	-0,0683687567464
39,5983712	0	 	 	 
39,7017472	1	369,9234	7,38169946393	0,396436047559
39,7051904	0	 	 	 
39,8078432	1	370,7088	7,36654106756	-0,682184734916
39,8115904	0	 	 	 
39,914992	1	371,4942	7,49345616786	3,05113520948
39,9184896	0	 	 	 
40,0176576	1	372,2796	7,35690270683	-5,71129520533
40,0277472	0	 	 	 
40,129248	1	373,065	7,16640967108	2,29714782805
40,1335488	0	 	 	 
40,2369824	1	373,8504	7,28227263384	-0,146247785903
40,2408512	0	 	 	 
40,3449504	1	374,6358	7,28227263384	0,146247785898
40,3482688	0	 	 	 
40,4526848	1	375,4212	7,28561181274	-0,0842586922279
40,4560576	0	 	 	 
40,5605536	1	376,2066	7,30374055864	0,420384539507
40,5640544	0	 	 	 
40,6677568	1	376,992	7,28891389747	-0,696993095397
40,6715648	0	 	 	 
40,7760704	1	377,7774	7,4127222722	2,98310259097
40,7796544	0	 	 	 
40,879856	1	378,5628	7,27773004882	-5,58446970515
40,8900544	0	 	 	 
40,992656	1	379,3482	7,08922567873	2,24219363982
40,9969696	0	 	 	 
41,101568	1	380,1336	7,20414420409	-0,131893115417
41,1054688	0	 	 	 
41,2106976	1	380,919	7,20202304809	0,0930190426574
41,2140832	0	 	 	 
41,3196736	1	381,7044	7,2034991254	-0,065929090442
41,3230848	0	 	 	 
41,4287584	1	382,4898	7,22217897471	0,408412173558
41,4322784	0	 	 	 
41,5371744	1	383,2752	7,20581476583	-0,710290289092
41,5410592	0	 	 	 
41,6467616	1	384,0606	7,33006537926	2,97790208005
41,6502944	0	 	 	 
41,7516736	1	384,846	7,19787521079	-5,49792206751
41,7619744	0	 	 	 
41,86576	1	385,6314	7,00780593575	2,16589870555
41,87016	0	 	 	 
41,9759584	1	386,4168	7,12064377521	-0,117995297576
41,9798976	0	 	 	 
42,0863584	1	387,2022	7,11743433696	0,0598533003654
42,0897856	0	 	 	 
42,196656	1	387,9876	7,12001233078	-0,0131071551241
42,2000576	0	 	 	 
42,306976	1	388,773	7,13980568622	0,371942460497
42,3105568	0	 	 	 
42,4166656	1	389,5584	7,12369658048	-0,665664121262
42,4205632	0	 	 	 
42,5274912	1	390,3438	7,245189671	2,85817362296
42,5311552	0	 	 	 
42,6336704	1	391,1292	7,11357894576	-5,33720388946
42,6440896	0	 	 	 
42,7490752	1	391,9146	6,92753436199	2,11299512562
42,7535552	0	 	 	 
42,8605536	1	392,7	7,03835454374	-0,124804018497
42,8645536	0	 	 	 
42,9722528	1	393,4854	7,03764552981	0,112108960089
42,9756768	0	 	 	 
43,0837536	1	394,2708	7,040665617	-0,0579373813101
43,0871936	0	 	 	 
43,1953568	1	395,0562	7,05984048154	0,401563093614
43,1989568	0	 	 	 
43,306256	1	395,8416	7,04430577323	-0,6817221626
43,3101824	0	 	 	 
43,4183584	1	396,627	7,1649739402	2,83454256554
43,4219712	0	 	 	 
43,525696	1	397,4124	7,03414687305	-5,27221710189
43,5362592	0	 	 	 
43,6424608	1	398,1978	6,84843569069	2,09127246175
43,6469632	0	 	 	 
43,7552032	1	398,9832	6,95903031677	-0,129373015127
43,759264	0	 	 	 
43,8681824	1	399,7686	6,95774310683	0,106586343874
43,8716896	0	 	 	 
43,9809664	1	400,554	6,9600057424	-0,0664630005968
43,9844928	0	 	 	 
44,093872	1	401,3394	6,9775427003	0,37711115082
44,0975648	0	 	 	 
44,2060928	1	402,1248	6,96293964032	-0,637367003212
44,2100832	0	 	 	 
44,3194784	1	402,9102	7,08154909443	2,72951016979
44,3231808	0	 	 	 
44,428112	1	403,6956	6,95291215049	-5,09778193722
44,4387744	0	 	 	 
44,5461824	1	404,481	6,77000319436	1,99947861753
44,5507712	0	 	 	 
44,660272	1	405,2664	6,87780491096	-0,109705726718
44,6643712	0	 	 	 
44,7745696	1	406,0518	6,87751479259	0,104629183186
44,7780736	0	 	 	 
44,8886688	1	406,8372	6,88039915772	-0,0540702811731
44,8921888	0	 	 	 
45,0028704	1	407,6226	6,89860870281	0,372972031829
45,0065696	0	 	 	 
45,1163712	1	408,408	6,88376800881	-0,63448021491
45,1203936	0	 	 	 
45,231072	1	409,1934	7,0023875548	2,70281009554
45,234784	0	 	 	 
45,3409056	1	409,9788	6,87465648041	-5,02871172118
45,3516864	0	 	 	 
45,4603712	1	410,7642	6,69399440445	2,00420799876
45,4649184	0	 	 	 
45,5757088	1	411,5496	6,80166731308	-0,137116805226
45,579872	0	 	 	 
45,6913152	1	412,335	6,79816937343	0,0766021685414
45,6949024	0	 	 	 
45,8067712	1	413,1204	6,80061350076	-0,034263488278
45,8103712	0	 	 	 
45,9222944	1	413,9058	6,81781566048	0,332076563314
45,9260704	0	 	 	 
46,0371712	1	414,6912	6,80358080992	-0,579904681129
46,0412704	0	 	 	 
46,153184	1	415,4766	6,91986705178	2,58461867579
46,1569728	0	 	 	 
46,2643744	1	416,262	6,79345723983	-4,85837273994
46,2752736	0	 	 	 
46,3852064	1	417,0474	6,6145041777	1,89635833759
46,3898752	0	 	 	 
46,5019904	1	417,8328	6,71843872586	-0,116413342389
46,5061728	0	 	 	 
46,6190112	1	418,6182	6,71622509114	0,0785801586277
46,622672	0	 	 	 
46,735872	1	419,4036	6,71686676267	-0,0675983490112
46,7395712	0	 	 	 
46,8528704	1	420,189	6,73291843302	0,34198962866
46,8566688	0	 	 	 
46,9691776	1	420,9744	6,7188633678	-0,583678280979
46,9732896	0	 	 	 
47,086672	1	421,7598	6,83589098506	2,57573266409
47,0904736	0	 	 	 
47,1991808	1	422,5452	6,71083358639	-4,79880141374
47,210272	0	 	 	 
47,3215712	1	423,3306	6,53201756836	1,87674187258
47,326272	0	 	 	 
47,4398016	1	424,116	6,63579295719	-0,121264620878
47,4440736	0	 	 	 
47,558288	1	424,9014	6,63309345654	0,0756981989167
47,5619744	0	 	 	 
47,6766144	1	425,6868	6,6333616576	-0,0711649575797
47,6803168	0	 	 	 
47,7950912	1	426,4722	6,64865373791	0,329309679763
47,798912	0	 	 	 
47,9128768	1	427,2576	6,63696843637	-0,527726150665
47,9170144	0	 	 	 
48,031776	1	428,043	6,75253635353	2,47169073839
48,0356768	0	 	 	 
48,145712	1	428,8284	6,62768208097	-4,6633469763
48,156896	0	 	 	 
48,269616	1	429,6138	6,45031246282	1,80033015443
48,274384	0	 	 	 
48,389376	1	430,3992	6,55156468091	-0,109411348559
48,3936768	0	 	 	 
48,509376	1	431,1846	6,54998556132	0,0830926886716
48,5130752	0	 	 	 
48,6291936	1	431,97	6,54998556132	-0,0830926886676
48,632976	0	 	 	 
48,7491936	1	432,7554	6,56472410947	0,328735157813
48,7530752	0	 	 	 
48,8684768	1	433,5408	6,55324859073	-0,521143120438
48,8726784	0	 	 	 
48,9889024	1	434,3262	6,66459837674	2,37041413944
48,9928768	0	 	 	 
49,1043776	1	435,1116	6,54109637036	-4,50943630838
49,1156768	0	 	 	 
49,2298784	1	435,897	6,36826983692	1,75524616079
49,2346912	0	 	 	 
49,3511808	1	436,6824	6,46681430806	-0,130472518335
49,35552	0	 	 	 
49,4727808	1	437,4678	6,46356593464	0,0770453238847
49,4765792	0	 	 	 
49,5942048	1	438,2532	6,46322653969	-0,0826355688423
49,5980064	0	 	 	 
49,7158176	1	439,0386	6,47835565492	0,331443510672
49,7197792	0	 	 	 
49,8366784	1	439,824	6,46559772541	-0,542561251247
49,8409792	0	 	 	 
49,9587776	1	440,6094	6,5755891385	2,34423420393
49,9627776	0	 	 	 
50,0757792	1	441,3948	6,45472465161	-4,41026555554
50,08728	0	 	 	 
50,2029856	1	442,1802	6,28169538775	1,68981652368
50,2078848	0	 	 	 
50,3259808	1	442,9656	6,37767029542	-0,129188016717
50,330384	0	 	 	 
50,4492832	1	443,751	6,37475963394	0,0819762596234
50,4530848	0	 	 	 
50,5723904	1	444,5364	6,37467711341	-0,0833168884315
50,5762848	0	 	 	 
50,695696	1	445,3218	6,3903213544	0,337064341807
50,6996832	0	 	 	 
50,8182048	1	446,1072	6,37783267114	-0,540946565085
50,8225856	0	 	 	 
50,942	1	446,8926	6,48539835113	2,27874706125
50,9460864	0	 	 	 
51,0606304	1	447,678	6,36433356282	-4,31978862081
51,072288	0	 	 	 
51,1896896	1	448,4634	6,19383756727	1,67765236785
51,1946176	0	 	 	 
51,3143872	1	449,2488	6,28998574074	-0,135550940562
51,3188896	0	 	 	 
51,4394208	1	450,0342	6,28481237472	0,0527993278041
51,4433024	0	 	 	 
51,5643232	1	450,8196	6,28392947717	-0,0669367270374
51,5682336	0	 	 	 
51,689392	1	451,605	6,30059532717	0,333443641607
51,6934144	0	 	 	 
51,8136384	1	452,3904	6,28861443071	-0,526300681505
51,8180896	0	 	 	 
51,9391904	1	453,1758	6,39502128955	2,22132519476
51,9432896	0	 	 	 
52,0594912	1	453,9612	6,27702967113	-4,18293506646
52,0712896	0	 	 	 
52,1903168	1	454,7466	6,10585377339	1,56607876712
52,195392	0	 	 	 
52,3168928	1	455,532	6,19699828146	-0,125924107883
52,3213952	0	 	 	 
52,4437952	1	456,3174	6,19323057913	0,0665445794383
52,4476992	0	 	 	 
52,5705248	1	457,1028	6,19299682958	-0,070233528899
52,574496	0	 	 	 
52,6974368	1	457,8882	6,20711828966	0,292772927587
52,7015296	0	 	 	 
52,8235936	1	458,6736	6,19677872917	-0,456688951064
52,8280256	0	 	 	 
52,9509344	1	459,459	6,30348451903	2,13259784852
52,9550944	0	 	 	 
53,0730112	1	460,2444	6,18483394199	-4,07646559471
53,0849952	0	 	 	 
53,2058112	1	461,0298	6,01703898903	1,54943317049
53,2109248	0	 	 	 
53,3342176	1	461,8152	6,10771488332	-0,13710645952
53,3388192	0	 	 	 
53,4629952	1	462,6006	6,10260656562	0,0577709586783
53,4669952	0	 	 	 
53,591616	1	463,386	6,10253088504	-0,0589477601748
53,5956416	0	 	 	 
53,7203968	1	464,1714	6,11878282292	0,311344668296
53,7245376	0	 	 	 
53,8483392	1	464,9568	6,1075544453	-0,48686705364
53,8529024	0	 	 	 
53,9776	1	465,7422	6,21021239844	2,07525197986
53,9818176	0	 	 	 
54,101504	1	466,5276	6,09496551089	-3,93551294869
54,113632	0	 	 	 
54,236224	1	467,313	5,92846912483	1,46377325065
54,2414144	0	 	 	 
54,3666048	1	468,0984	6,0165278577	-0,112980298554
54,3712448	0	 	 	 
54,4973056	1	468,8838	6,01135384787	0,0338069525585
54,5013504	0	 	 	 
54,6279104	1	469,6692	6,01135384787	-0,0338069525618
54,6320128	0	 	 	 
54,7586112	1	470,4546	6,02770514867	0,284016604009
54,7628224	0	 	 	 
54,888512	1	471,24	6,01607621272	-0,463059934817
54,89312	0	 	 	 
55,0197248	1	472,0254	6,1187131839	2,02749528233
55,0240192	0	 	 	 
55,1454656	1	472,8108	6,0032366563	-3,86423447292
55,157824	0	 	 	 
55,2823232	1	473,5962	5,8385732846	1,45788843589
55,2875584	0	 	 	 
55,414656	1	474,3816	5,92518315988	-0,148917790935
55,419424	0	 	 	 
55,5474304	1	475,167	5,91715200986	0,0279434161183
55,551552	0	 	 	 
55,6801216	1	475,9524	5,91658227318	-0,0365308233594
55,6842304	0	 	 	 
55,8129216	1	476,7378	5,933439324	0,290402070718
55,8171648	0	 	 	 
55,944864	1	477,5232	5,92119877026	-0,475945970868
55,9495552	0	 	 	 
56,0782208	1	478,3086	6,02018594269	1,96049227723
56,08256	0	 	 	 
56,2060224	1	479,094	5,90743996409	-3,72488299853
56,2185472	0	 	 	 
56,3450688	1	479,8794	5,74418182969	1,37662897118
56,3504256	0	 	 	 
56,4796288	1	480,6648	5,82727076591	-0,141656673045
56,4844544	0	 	 	 
56,6146304	1	481,4502	5,82005595718	0,0347718845675
56,6188224	0	 	 	 
56,7495232	1	482,2356	5,82019375539	-0,032728807221
56,7537216	0	 	 	 
56,8845184	1	483,021	5,83748614135	0,288921412023
56,8888256	0	 	 	 
57,0186176	1	483,8064	5,82604740145	-0,459522577505
57,0234176	0	 	 	 
57,1541504	1	484,5918	5,92164431526	1,87020565662
57,1586176	0	 	 	 
57,2841152	1	485,3772	5,80908360042	-3,60237798082
57,2968256	0	 	 	 
57,4255168	1	486,1626	5,6483850542	1,32943982147
57,4309376	0	 	 	 
57,5623616	1	486,948	5,72867172725	-0,156042322356
57,5673152	0	 	 	 
57,6997184	1	487,7334	5,7211574273	0,046629465469
57,7039616	0	 	 	 
57,8369216	1	488,5188	5,7219561347	-0,0349867720281
57,8412224	0	 	 	 
57,97424	1	489,3042	5,73717544546	0,256651323405
57,9786688	0	 	 	 
58,11072	1	490,0896	5,72519739177	-0,43217966005
58,1155584	0	 	 	 
58,2486208	1	490,875	5,82232700077	1,84086777503
58,25312	0	 	 	 
58,3807552	1	491,6604	5,71190561026	-3,51221740864
58,3937344	0	 	 	 
58,5246208	1	492,4458	5,55132246302	1,27981234122
58,5301632	0	 	 	 
58,6638656	1	493,2312	5,63011316005	-0,148126317414
58,6688576	0	 	 	 
58,8036224	1	494,0166	5,62272654193	0,0424195737622
58,8079616	0	 	 	 
58,943232	1	494,802	 	 
58,9476096	0	 	 	 
59,0829504	1	 	 	 
