Vernier Format 2
brez_uteži.cmbl 26/10/2023 11:35:45 ,
Latest
Time	GateState	Distance	Velocity	Acceleration
t	State	d	v	acc
s		rad	rad/s	rad/s²

1,4743708	1	0	 	 
1,5078676	0	 	 	 
2,1538904	1	0,7854	1,50291835979	1,02160941169
2,1748676	0	 	 	 
2,6067664	1	1,5708	1,91348563774	0,791545968371
2,6446676	0	 	 	 
2,9872748	1	2,3562	2,24768404881	0,965042906248
2,9985676	0	 	 	 
3,3138112	1	3,1416	2,54054838758	0,828719374297
3,3247	0	 	 	 
3,6087676	1	3,927	2,76276392568	0,678049342043
3,6179676	0	 	 	 
3,883768	1	4,7124	2,95749850008	0,738200048082
3,8920676	0	 	 	 
4,141068	1	5,4978	3,15547242532	0,800656735789
4,148788	0	 	 	 
4,3825696	1	6,2832	3,35523382137	0,853670987523
4,3909788	0	 	 	 
4,6100676	1	7,0686	3,58101440683	1,1312307299
4,6188808	0	 	 	 
4,822278	1	7,854	3,73434650006	0,313864262944
4,8419676	0	 	 	 
5,0307692	1	8,6394	3,89369259018	1,21469991742
5,037288	0	 	 	 
5,226504	1	9,4248	4,09471664387	0,839345185326
5,233276	0	 	 	 
5,4146828	1	10,2102	4,23121238798	0,611357488006
5,4206724	0	 	 	 
5,5978788	1	10,9956	4,35594061751	0,750334137696
5,6035084	0	 	 	 
5,775468	1	11,781	4,49512241367	0,817123749969
5,7808716	0	 	 	 
5,9475008	1	12,5664	4,63390148733	0,796278736803
5,9535884	0	 	 	 
6,114592	1	13,3518	4,80404202964	1,24022040031
6,121174	0	 	 	 
6,2747676	1	14,1372	4,89083487723	-0,156499189436
6,2897704	0	 	 	 
6,4357684	1	14,9226	4,9967972834	1,47279583109
6,4408068	0	 	 	 
6,5894676	1	15,708	5,17912953035	0,899789672903
6,5948036	0	 	 	 
6,739168	1	16,4934	5,28957276159	0,575733855964
6,743968	0	 	 	 
6,886468	1	17,2788	5,39182875629	0,812670688455
6,8909808	0	 	 	 
7,030568	1	18,0642	5,51093256335	0,84040088771
7,0349888	0	 	 	 
7,1715688	1	18,8496	5,62717402437	0,808404807277
7,1765688	0	 	 	 
7,3097696	1	19,635	5,77952977355	1,39644131784
7,3152696	0	 	 	 
7,4435024	1	20,4204	5,83131941891	-0,621917111955
7,4561112	0	 	 	 
7,5791704	1	21,2058	5,90357623978	1,68711776165
7,5834712	0	 	 	 
7,7097712	1	21,9912	6,07549517374	0,945621608343
7,7142952	0	 	 	 
7,8377696	1	22,7766	6,16983139443	0,528400265194
7,841872	0	 	 	 
7,96438	1	23,562	6,25393243206	0,800100989562
7,9683024	0	 	 	 
8,088972	1	24,3474	6,35803648061	0,871018320567
8,0927992	0	 	 	 
8,2114728	1	25,1328	6,45956862197	0,786638468072
8,2158056	0	 	 	 
8,3321728	1	25,9182	6,59976309076	1,53638504119
8,3369728	0	 	 	 
8,4495728	1	26,7036	6,63151513896	-0,995464288201
8,4606736	0	 	 	 
8,5690792	1	27,489	6,68793533179	1,93968472887
8,5728776	0	 	 	 
8,68458	1	28,2744	6,85607797704	0,971856061236
8,6886744	0	 	 	 
8,79822	1	29,0598	6,93543767904	0,424829999985
8,8018752	0	 	 	 
8,9110744	1	29,8452	7,0068790641	0,841250632432
8,9145744	0	 	 	 
9,02242	1	30,6306	7,10185854563	0,864779628867
9,0258752	0	 	 	 
9,132276	1	31,416	7,18980830149	0,736402934855
9,1361848	0	 	 	 
9,2409096	1	32,2014	7,31831901052	1,6295447836
9,245276	0	 	 	 
9,3469768	1	32,9868	7,32922987082	-1,4238099231
9,356976	0	 	 	 
9,455276	1	33,7722	7,36779847489	2,13607010735
9,4587136	0	 	 	 
9,5602768	1	34,5576	7,53456476402	1,04040643627
9,56392	0	 	 	 
9,6637768	1	35,343	7,61056389997	0,428175900774
9,6670768	0	 	 	 
9,7666776	1	36,1284	7,67405198927	0,80579097411
9,7698776	0	 	 	 
9,8684784	1	36,9138	7,76066301566	0,895787528198
9,8716248	0	 	 	 
9,9690968	1	37,6992	7,84162271956	0,713454993934
9,9726952	0	 	 	 
10,0688024	1	38,4846	7,96775705776	1,8166804889
10,0727784	0	 	 	 
10,1662912	1	39,27	7,9635017636	-1,90397860226
10,1755792	0	 	 	 
10,2661072	1	40,0554	7,98976263087	2,43016412904
10,2692864	0	 	 	 
10,3629808	1	40,8408	8,16009363212	1,08639768441
10,3663832	0	 	 	 
10,4586208	1	41,6262	8,22831801173	0,340293650034
10,4617032	0	 	 	 
10,553884	1	42,4116	8,28253485694	0,797960055604
10,5568808	0	 	 	 
10,6482808	1	43,197	8,36862111811	1,02596323788
10,6511816	0	 	 	 
10,7415976	1	43,9824	8,44532046615	0,617885416156
10,7449816	0	 	 	 
10,8342816	1	44,7678	8,56759915915	2,02072951192
10,8379824	0	 	 	 
10,9249824	1	45,5532	8,55304474983	-2,34166183695
10,9335824	0	 	 	 
11,0179936	1	46,3386	8,5683489481	2,67074474888
11,0209824	0	 	 	 
11,1083832	1	47,124	8,74190581063	1,16945063929
11,1115832	0	 	 	 
11,1976928	1	47,9094	8,80499900008	0,243458822737
11,2005832	0	 	 	 
11,2867824	1	48,6948	8,85938430033	0,977453612787
11,2895024	0	 	 	 
11,3750048	1	49,4802	8,94056035272	0,862805831106
11,3777832	0	 	 	 
11,4624824	1	50,2656	9,01335296613	0,801451382505
11,4655848	0	 	 	 
11,5492848	1	51,051	9,13406014845	1,9797432
11,5527848	0	 	 	 
11,634484	1	51,8364	9,10373299241	-2,69165495581
11,6425192	0	 	 	 
11,7218856	1	52,6218	9,11468711702	2,94231683406
11,7246832	0	 	 	 
11,806888	1	53,4072	9,28831878976	1,14301893846
11,8098864	0	 	 	 
11,8910104	1	54,1926	9,34463020901	0,19577832023
11,8937232	0	 	 	 
11,9749848	1	54,978	9,39602919862	1,02838022351
11,9775872	0	 	 	 
12,0581944	1	55,7634	9,47414383025	0,849158705296
12,0607872	0	 	 	 
12,140788	1	56,5488	9,54224903131	0,800005420442
12,143696	0	 	 	 
12,2228136	1	57,3342	9,66205574614	2,12119758992
12,2260888	0	 	 	 
12,303388	1	58,1196	9,62271319494	-3,09774972561
12,3110008	0	 	 	 
12,3861088	1	58,905	9,62191891986	3,07854596843
12,3887888	0	 	 	 
12,466696	1	59,6904	9,79471928935	1,20998544821
12,4695296	0	 	 	 
12,5464888	1	60,4758	9,85423249989	0,281708302253
12,5490864	0	 	 	 
12,6261	1	61,2612	9,89808455236	0,819947054394
12,6285896	0	 	 	 
12,7051896	1	62,0466	9,9734981427	1,08709484097
12,7076112	0	 	 	 
12,7836032	1	62,832	10,0371484507	0,536355886867
12,7864144	0	 	 	 
12,8616896	1	63,6174	10,156341522	2,51649509212
12,8647896	0	 	 	 
12,9382936	1	64,4028	10,0922962605	-4,18860781498
12,9455904	0	 	 	 
13,0174144	1	65,1882	10,0244353316	2,47323261789
13,0199904	0	 	 	 
13,09502	1	65,9736	10,1357570086	0,395675734375
13,0977912	0	 	 	 
13,1723912	1	66,759	10,1231155104	-0,722451025955
13,174892	0	 	 	 
13,250192	1	67,5444	10,0950118765	5,29705075964E-12
13,2526024	0	 	 	 
13,3279928	1	68,3298	10,101564237	0,168439411542
13,3303928	0	 	 	 
13,4056928	1	69,1152	10,1008905233	-0,185780819986
13,4084936	0	 	 	 
13,483504	1	69,9006	10,1477525146	1,39028586136
13,4866224	0	 	 	 
13,5604944	1	70,686	10,0309094649	-4,4255486918
13,5678176	0	 	 	 
13,6401936	1	71,4714	9,95410521469	2,49819558939
13,6427136	0	 	 	 
13,7183296	1	72,2568	10,0627529055	0,282793732659
13,7210944	0	 	 	 
13,7962944	1	73,0422	10,0459964886	-0,712639429652
13,7987952	0	 	 	 
13,8746928	1	73,8276	10,0230782487	0,127978521306
13,8770944	0	 	 	 
13,9530128	1	74,613	10,0290120297	0,0235480601557
13,9554944	0	 	 	 
14,0313184	1	75,3984	10,0190056152	-0,279121465897
14,034136	0	 	 	 
14,1097952	1	76,1838	10,068502423	1,5405594395
14,1129184	0	 	 	 
14,1873408	1	76,9692	9,9544130308	-4,4830704838
14,1947408	0	 	 	 
14,2676944	1	77,7546	9,30018377668	-11,8006866626
14,2702208	0	 	 	 
14,3572304	1	78,54	 	 
14,3610944	0	 	 	 
