Vernier Format 2
2uteži_1.cmbl 26/10/2023 11:50:08 ,
Latest
Time	GateState	Distance	Velocity	Acceleration
t	State	d	v	acc
s		rad	rad/s	rad/s²

0	1	0	 	 
0,0277768	0	 	 	 
0,508476	1	0,7854	2,0567157125	2,01425450728
0,5236852	0	 	 	 
0,837376	1	1,5708	2,6475042241	1,57825696494
0,8649764	0	 	 	 
1,111616	1	2,3562	3,1357906206	1,98275817873
1,1197068	0	 	 	 
1,3448772	1	3,1416	3,56923130534	1,73359657496
1,352676	0	 	 	 
1,554276	1	3,927	3,91657315492	1,58391861217
1,5607764	0	 	 	 
1,7472764	1	4,7124	4,23414447985	1,70696912622
1,7530156	0	 	 	 
1,9263076	1	5,4978	4,54344627244	1,74831456271
1,9316896	0	 	 	 
2,093776	1	6,2832	4,83611587306	1,74690722987
2,0995976	0	 	 	 
2,251676	1	7,0686	5,1495780269	2,22348103918
2,2578092	0	 	 	 
2,3994772	1	7,854	5,35174316063	0,512154851837
2,4132884	0	 	 	 
2,5452168	1	8,6394	5,5693984046	2,47475116364
2,5497804	0	 	 	 
2,682076	1	9,4248	5,86273254259	1,81190458171
2,6868	0	 	 	 
2,8133768	1	10,2102	6,07715556239	1,4542296658
2,8175204	0	 	 	 
2,940676	1	10,9956	6,27939329749	1,72313099468
2,9445764	0	 	 	 
3,063676	1	11,781	6,49365511428	1,76080098565
3,0674764	0	 	 	 
3,182704	1	12,5664	6,69552468335	1,63116677102
3,1869764	0	 	 	 
3,2983764	1	13,3518	6,93770808386	2,55623489976
3,3029076	0	 	 	 
3,4093164	1	14,1372	7,05535036232	-0,435407813821
3,419812	0	 	 	 
3,5210212	1	14,9226	7,19773253968	2,98466581106
3,5245772	0	 	 	 
3,627776	1	15,708	7,45938403074	1,91724943881
3,6314988	0	 	 	 
3,7316788	1	16,4934	7,6263071216	1,29581297835
3,7350084	0	 	 	 
3,8337788	1	17,2788	7,78199580669	1,75391640646
3,8369764	0	 	 	 
3,9335816	1	18,0642	7,95953504508	1,80388434429
3,9366764	0	 	 	 
4,0311764	1	18,8496	8,12800919149	1,64863866742
4,0346048	0	 	 	 
4,1268764	1	19,635	8,33708332522	2,72072671877
4,130676	0	 	 	 
4,2196768	1	20,4204	8,40368084232	-1,28544158858
4,2284764	0	 	 	 
4,3138136	1	21,2058	8,50604803299	3,46030180646
4,316802	0	 	 	 
4,404476	1	21,9912	8,75892872785	2,1182113337
4,4076152	0	 	 	 
4,4931928	1	22,7766	8,90320461045	1,1342928728
4,4960764	0	 	 	 
4,580918	1	23,562	9,02972067117	1,75007925102
4,5836772	0	 	 	 
4,6671764	1	24,3474	9,18416385373	1,83086318627
4,669876	0	 	 	 
4,7519764	1	25,1328	9,3283964383	1,57084871387
4,754994	0	 	 	 
4,8355824	1	25,9182	9,52339818923	3,09393015205
4,8388844	0	 	 	 
4,9169768	1	26,7036	9,56081003618	-2,17465691083
4,9246808	0	 	 	 
4,9999068	1	27,489	9,63621658302	3,99321586021
5,0025764	0	 	 	 
5,08008	1	28,2744	9,8814335393	2,12396435168
5,0828952	0	 	 	 
5,1588948	1	29,0598	10,0056763834	1,02881518053
5,1614764	0	 	 	 
5,237076	1	29,8452	10,1168223601	1,81447647084
5,23948	0	 	 	 
5,314176	1	30,6306	10,2606615802	1,91676140475
5,3165228	0	 	 	 
5,3901812	1	31,416	10,3949976232	1,61815575976
5,3928764	0	 	 	 
5,4652976	1	32,2014	10,5805989828	3,32354431084
5,46829	0	 	 	 
5,538682	1	32,9868	10,5821220705	-3,28203446069
5,5456876	0	 	 	 
5,613776	1	33,7722	10,6338857928	4,66067249468
5,616176	0	 	 	 
5,686476	1	34,5576	10,8868578848	2,29866978844
5,6889952	0	 	 	 
5,7580768	1	35,343	11,000142843	0,865679163731
5,7603816	0	 	 	 
5,8292764	1	36,1284	11,0939271217	1,76872548703
5,8314772	0	 	 	 
5,8996768	1	36,9138	11,2289510632	2,06716014825
5,9018116	0	 	 	 
5,9691764	1	37,6992	11,3481017145	1,3616553059
5,9716764	0	 	 	 
6,0381012	1	38,4846	11,518695478	3,58848639829
6,0408768	0	 	 	 
6,1055768	1	39,27	11,5046089153	-4,00601696309
6,111988	0	 	 	 
6,1746764	1	40,0554	11,5380104401	4,9727815982
6,1768764	0	 	 	 
6,2417768	1	40,8408	11,7849859697	2,38859119898
6,2441008	0	 	 	 
6,3079768	1	41,6262	11,8959162031	0,962775368167
6,3100768	0	 	 	 
6,373824	1	42,4116	11,9821115322	1,65526546552
6,3758776	0	 	 	 
6,4390776	1	43,197	12,1068392417	2,16759517283
6,4410776	0	 	 	 
6,5035776	1	43,9824	12,2214823644	1,38723033719
6,5058776	0	 	 	 
6,5676088	1	44,7678	12,3903059997	3,88593759632
6,5701776	0	 	 	 
6,6303792	1	45,5532	12,3559881498	-4,97937813277
6,6363784	0	 	 	 
6,6947792	1	46,3386	12,3823941765	5,79944107383
6,6967912	0	 	 	 
6,7572928	1	47,124	12,637284078	2,35526131053
6,7594968	0	 	 	 
6,8190864	1	47,9094	12,7307229124	0,668962377476
6,8210816	0	 	 	 
6,88068	1	48,6948	12,8200704748	2,23223392819
6,8825808	0	 	 	 
6,94162	1	49,4802	12,9474327895	1,94769107117
6,9435088	0	 	 	 
7,0020064	1	50,2656	13,0485178225	1,40024929155
7,0041808	0	 	 	 
7,062004	1	51,051	13,2162963497	4,19259199677
7,0643984	0	 	 	 
7,1208808	1	51,8364	13,1735795213	-5,64365008525
7,1264816	0	 	 	 
7,1812816	1	52,6218	13,1825179808	5,93962164468
7,1831896	0	 	 	 
7,2400816	1	53,4072	13,4380893978	2,7532836957
7,242108	0	 	 	 
7,2981816	1	54,1926	13,5372322002	0,659549433144
7,3000832	0	 	 	 
7,3561176	1	54,978	13,6107063863	1,87684196793
7,35792	0	 	 	 
7,4135944	1	55,7634	13,7233990092	2,04448360551
7,4153832	0	 	 	 
7,4705832	1	56,5488	13,8168427563	1,23488873218
7,4726216	0	 	 	 
7,5272832	1	57,3342	13,9901141356	4,87697650059
7,5295096	0	 	 	 
7,582884	1	58,1196	13,9309388355	-7,00555379402
7,5881936	0	 	 	 
7,6400848	1	58,905	13,9179129289	6,55010888463
7,6418872	0	 	 	 
7,6957856	1	59,6904	14,1775220238	2,77144825327
7,6977056	0	 	 	 
7,7508864	1	60,4758	14,2669502242	0,474537301489
7,7526328	0	 	 	 
7,8058864	1	61,2612	14,3397275304	2,17191019574
7,8075864	0	 	 	 
7,860432	1	62,0466	14,4510484177	1,90984478808
7,8621248	0	 	 	 
7,9145872	1	62,832	14,537067943	1,2669332601
7,9165176	0	 	 	 
7,968488	1	63,6174	14,7102238551	5,15805160508
7,9706096	0	 	 	 
8,0213888	1	64,4028	14,6316658307	-8,12806432301
8,0264888	0	 	 	 
8,075892	1	65,1882	14,5749658401	6,04745288628
8,0776872	0	 	 	 
8,1291896	1	65,9736	14,7638164251	1,03919210344
8,1310896	0	 	 	 
8,182288	1	66,759	14,7633757428	-1,05579080637
8,1839896	0	 	 	 
8,2355888	1	67,5444	14,7489889952	0,515958473416
8,2372032	0	 	 	 
8,2887904	1	68,3298	14,7628249004	0,00417269458084
8,2904904	0	 	 	 
8,3419912	1	69,1152	14,7576137626	-0,200077184412
8,3438912	0	 	 	 
8,3952304	1	69,9006	14,8335171382	3,05148650948
8,3973912	0	 	 	 
8,4478928	1	70,686	14,6626685004	-9,5399351116
8,452992	0	 	 	 
8,5024248	1	71,4714	14,5472680565	5,30754151252
8,5041936	0	 	 	 
8,5558928	1	72,2568	14,7123461933	0,867297148287
8,5577928	0	 	 	 
8,6091928	1	73,0422	14,7079683255	-1,03156985979
8,6108928	0	 	 	 
8,6626928	1	73,8276	14,6803738318	-4,98043973664E-12
8,6643928	0	 	 	 
8,7161928	1	74,613	14,6940219838	0,510211289627
8,7178176	0	 	 	 
8,7695936	1	75,3984	14,6940219838	-0,510211289622
8,7714944	0	 	 	 
8,8230936	1	76,1838	14,7735371962	3,48274259618
8,8251944	0	 	 	 
8,8759272	1	76,9692	 	 
8,8810088	0	 	 	 
