+2.00000E+2	+2.11639E-2	+5.03574E-3	+3.63948E-3
+2.02000E+2	+2.37274E-2	+5.30235E-3	+4.46205E-3
+2.04000E+2	+1.95312E-2	+5.31955E-3	+4.55929E-3
+2.06000E+2	+2.29340E-2	+5.41580E-3	+4.64837E-3
+2.08000E+2	+2.07672E-2	+5.45797E-3	+4.79804E-3
+2.10000E+2	+2.17285E-2	+5.55415E-3	+5.04584E-3
+2.12000E+2	+2.07214E-2	+5.70008E-3	+5.30371E-3
+2.14000E+2	+2.12250E-2	+5.81942E-3	+5.54115E-3
+2.16000E+2	+2.22626E-2	+5.93658E-3	+5.78763E-3
+2.18000E+2	+2.17438E-2	+6.05290E-3	+5.99770E-3
+2.20000E+2	+2.22321E-2	+6.14273E-3	+6.15338E-3
+2.22000E+2	+2.15759E-2	+6.30094E-3	+6.41672E-3
+2.24000E+2	+2.21863E-2	+6.42835E-3	+6.60842E-3
+2.26000E+2	+2.31628E-2	+6.55640E-3	+6.82290E-3
+2.28000E+2	+2.82135E-2	+6.80227E-3	+7.23761E-3
+2.30000E+2	+2.54669E-2	+6.87141E-3	+7.32516E-3
+2.32000E+2	+2.36664E-2	+6.87493E-3	+7.28815E-3
+2.34000E+2	+2.24304E-2	+6.97254E-3	+7.51698E-3
+2.36000E+2	+2.43835E-2	+7.36697E-3	+8.27219E-3
+2.38000E+2	+2.41699E-2	+7.59491E-3	+8.56089E-3
+2.40000E+2	+2.43835E-2	+7.79875E-3	+8.91430E-3
+2.42000E+2	+2.40936E-2	+8.19927E-3	+9.58949E-3
+2.44000E+2	+2.51312E-2	+8.74495E-3	+1.04098E-2
+2.46000E+2	+2.60315E-2	+9.26329E-3	+1.11487E-2
+2.48000E+2	+2.81982E-2	+9.66052E-3	+1.17365E-2
+2.50000E+2	+2.72827E-2	+1.01248E-2	+1.24457E-2
+2.52000E+2	+2.94037E-2	+1.07372E-2	+1.33418E-2
+2.54000E+2	+2.91595E-2	+1.11164E-2	+1.38140E-2
+2.56000E+2	+2.99377E-2	+1.14264E-2	+1.43237E-2
+2.58000E+2	+2.88696E-2	+1.17706E-2	+1.48264E-2
+2.60000E+2	+3.25012E-2	+1.22283E-2	+1.54997E-2
+2.62000E+2	+3.57208E-2	+1.27866E-2	+1.62402E-2
+2.64000E+2	+3.09143E-2	+1.31268E-2	+1.68210E-2
+2.66000E+2	+3.18451E-2	+1.38673E-2	+1.78856E-2
+2.68000E+2	+3.40729E-2	+1.48299E-2	+1.92189E-2
+2.70000E+2	+3.45154E-2	+1.60282E-2	+2.09066E-2
+2.72000E+2	+3.61633E-2	+1.71988E-2	+2.25034E-2
+2.74000E+2	+4.09241E-2	+1.87690E-2	+2.47017E-2
+2.76000E+2	+4.21448E-2	+2.07905E-2	+2.74146E-2
+2.78000E+2	+4.67834E-2	+2.31460E-2	+3.06421E-2
+2.80000E+2	+4.93164E-2	+2.58580E-2	+3.42588E-2
+2.82000E+2	+5.31311E-2	+2.86864E-2	+3.81048E-2
+2.84000E+2	+5.95703E-2	+3.22039E-2	+4.28866E-2
+2.86000E+2	+6.49414E-2	+3.61244E-2	+4.77364E-2
+2.88000E+2	+6.86188E-2	+3.96581E-2	+5.24958E-2
+2.90000E+2	+7.20978E-2	+4.10462E-2	+5.42403E-2
+2.92000E+2	+7.46155E-2	+4.38781E-2	+5.80485E-2
+2.94000E+2	+7.71637E-2	+4.49156E-2	+5.90883E-2
+2.96000E+2	+7.78656E-2	+4.15504E-2	+5.39488E-2
+2.98000E+2	+6.75659E-2	+3.76854E-2	+4.97288E-2
+3.00000E+2	+6.34460E-2	+3.49795E-2	+4.61293E-2
+3.02000E+2	+5.93414E-2	+3.17887E-2	+4.15976E-2
+3.04000E+2	+5.48401E-2	+2.88960E-2	+3.81807E-2
+3.06000E+2	+5.13458E-2	+2.70818E-2	+3.57454E-2
+3.08000E+2	+5.20325E-2	+2.58597E-2	+3.41554E-2
+3.10000E+2	+4.69055E-2	+2.42525E-2	+3.17912E-2
+3.12000E+2	+4.54407E-2	+2.23722E-2	+2.94242E-2
+3.14000E+2	+4.28619E-2	+2.06669E-2	+2.69911E-2
+3.16000E+2	+4.21448E-2	+1.97028E-2	+2.59277E-2
+3.18000E+2	+4.12292E-2	+1.93482E-2	+2.52618E-2
+3.20000E+2	+3.72467E-2	+1.89094E-2	+2.47685E-2
+3.22000E+2	+3.84369E-2	+1.82245E-2	+2.37222E-2
+3.24000E+2	+3.77045E-2	+1.73412E-2	+2.25299E-2
+3.26000E+2	+3.44086E-2	+1.63552E-2	+2.12195E-2
+3.28000E+2	+3.71857E-2	+1.56187E-2	+2.02473E-2
+3.30000E+2	+3.46222E-2	+1.50368E-2	+1.93964E-2
+3.32000E+2	+3.34167E-2	+1.47639E-2	+1.90247E-2
+3.34000E+2	+3.25012E-2	+1.45798E-2	+1.87984E-2
+3.36000E+2	+3.67584E-2	+1.42335E-2	+1.81707E-2
+3.38000E+2	+3.09296E-2	+1.37280E-2	+1.75327E-2
+3.40000E+2	+3.14789E-2	+1.29716E-2	+1.63363E-2
+3.42000E+2	+2.79999E-2	+1.18987E-2	+1.49794E-2
+3.44000E+2	+2.98309E-2	+1.18453E-2	+1.48393E-2
+3.46000E+2	+2.99530E-2	+1.13547E-2	+1.41762E-2
+3.48000E+2	+2.80609E-2	+1.05118E-2	+1.28967E-2
+3.50000E+2	+2.58331E-2	+9.45352E-3	+1.14592E-2
+3.52000E+2	+2.51923E-2	+8.70866E-3	+1.03047E-2
+3.54000E+2	+2.63367E-2	+8.38339E-3	+9.83272E-3
+3.56000E+2	+2.35138E-2	+7.94871E-3	+9.10457E-3
+3.58000E+2	+2.24915E-2	+7.24025E-3	+7.91915E-3
+3.60000E+2	+2.19269E-2	+6.42093E-3	+6.56494E-3
+3.62000E+2	+2.21252E-2	+5.67556E-3	+5.05599E-3
+3.64000E+2	+1.94855E-2	+4.87314E-3	+3.45371E-3
+3.66000E+2	+1.74103E-2	+4.27239E-3	+1.78091E-3
+3.68000E+2	+1.55182E-2	+4.06475E-3	+2.90013E-4
+3.70000E+2	+1.80969E-2	+4.14491E-3	+1.39732E-3
+3.72000E+2	+1.98822E-2	+4.42289E-3	+2.41756E-3
+3.74000E+2	+1.94244E-2	+4.74155E-3	+3.38178E-3
+3.76000E+2	+2.05231E-2	+5.27638E-3	+4.60762E-3
+3.78000E+2	+1.98669E-2	+6.02768E-3	+6.13001E-3
+3.80000E+2	+2.31934E-2	+7.24560E-3	+8.06826E-3
+3.82000E+2	+2.54974E-2	+8.14142E-3	+9.42962E-3
+3.84000E+2	+2.64893E-2	+8.62570E-3	+1.01221E-2
+3.86000E+2	+2.45667E-2	+8.46411E-3	+9.82340E-3
+3.88000E+2	+2.27814E-2	+7.65240E-3	+8.56729E-3
+3.90000E+2	+2.21100E-2	+6.50223E-3	+6.83640E-3
+3.92000E+2	+2.24304E-2	+6.35133E-3	+6.73579E-3
+3.94000E+2	+2.37885E-2	+7.25387E-3	+8.24925E-3
+3.96000E+2	+2.33459E-2	+8.68382E-3	+1.03185E-2
+3.98000E+2	+2.61993E-2	+9.52986E-3	+1.16138E-2
+4.00000E+2	+2.69470E-2	+1.04327E-2	+1.29794E-2
+4.02000E+2	+3.02429E-2	+1.10881E-2	+1.38931E-2
+4.04000E+2	+2.82593E-2	+1.18563E-2	+1.49998E-2
+4.06000E+2	+3.46375E-2	+1.28924E-2	+1.64712E-2
+4.08000E+2	+3.41339E-2	+1.38378E-2	+1.78205E-2
+4.10000E+2	+3.44696E-2	+1.51284E-2	+1.96435E-2
+4.12000E+2	+3.52325E-2	+1.65685E-2	+2.14402E-2
+4.14000E+2	+3.62854E-2	+1.81216E-2	+2.37397E-2
+4.16000E+2	+4.10156E-2	+1.97984E-2	+2.59880E-2
+4.18000E+2	+4.21295E-2	+2.10901E-2	+2.77326E-2
+4.20000E+2	+4.28009E-2	+2.22414E-2	+2.92434E-2
+4.22000E+2	+4.73022E-2	+2.31127E-2	+3.04178E-2
+4.24000E+2	+4.62646E-2	+2.39998E-2	+3.17145E-2
+4.26000E+2	+4.80347E-2	+2.45681E-2	+3.23387E-2
+4.28000E+2	+4.84009E-2	+2.47931E-2	+3.27220E-2
+4.30000E+2	+4.72870E-2	+2.47793E-2	+3.27136E-2
+4.32000E+2	+4.84009E-2	+2.47374E-2	+3.25530E-2
+4.34000E+2	+4.58527E-2	+2.46321E-2	+3.25609E-2
+4.36000E+2	+4.75616E-2	+2.44625E-2	+3.23756E-2
+4.38000E+2	+4.79279E-2	+2.45249E-2	+3.21601E-2
+4.40000E+2	+4.80042E-2	+2.46119E-2	+3.24904E-2
+4.42000E+2	+4.76379E-2	+2.38672E-2	+3.14264E-2
+4.44000E+2	+4.60663E-2	+2.32708E-2	+3.05442E-2
+4.46000E+2	+4.52576E-2	+2.29623E-2	+3.03043E-2
+4.48000E+2	+4.38080E-2	+2.23904E-2	+2.95882E-2
+4.50000E+2	+4.88281E-2	+2.22502E-2	+2.92346E-2
+4.52000E+2	+4.62189E-2	+2.20840E-2	+2.91950E-2
+4.54000E+2	+4.27856E-2	+2.17947E-2	+2.87571E-2
+4.56000E+2	+4.74701E-2	+2.14968E-2	+2.82015E-2
+4.58000E+2	+4.33197E-2	+2.13318E-2	+2.82248E-2
+4.60000E+2	+4.24500E-2	+2.12038E-2	+2.78125E-2
+4.62000E+2	+4.29687E-2	+2.10997E-2	+2.78640E-2
+4.64000E+2	+4.28314E-2	+2.09266E-2	+2.76105E-2
+4.66000E+2	+4.15649E-2	+2.09061E-2	+2.74008E-2
+4.68000E+2	+4.34570E-2	+2.10137E-2	+2.77731E-2
+4.70000E+2	+4.20532E-2	+2.11705E-2	+2.78883E-2
+4.72000E+2	+4.33502E-2	+2.15381E-2	+2.85203E-2
+4.74000E+2	+4.53491E-2	+2.21450E-2	+2.93249E-2
+4.76000E+2	+4.42810E-2	+2.28203E-2	+2.99266E-2
+4.78000E+2	+4.52423E-2	+2.27679E-2	+3.00334E-2
+4.80000E+2	+4.33350E-2	+2.25616E-2	+2.99219E-2
+4.82000E+2	+4.59595E-2	+2.31160E-2	+3.06141E-2
+4.84000E+2	+4.64630E-2	+2.34117E-2	+3.09699E-2
+4.86000E+2	+4.78973E-2	+2.36597E-2	+3.13934E-2
+4.88000E+2	+4.65088E-2	+2.39518E-2	+3.15538E-2
+4.90000E+2	+4.64935E-2	+2.48994E-2	+3.31853E-2
+4.92000E+2	+5.17883E-2	+2.59568E-2	+3.42860E-2
+4.94000E+2	+5.20020E-2	+2.72656E-2	+3.64071E-2
+4.96000E+2	+5.46112E-2	+2.84241E-2	+3.76488E-2
+4.98000E+2	+5.43213E-2	+2.98163E-2	+3.98108E-2
+5.00000E+2	+5.67017E-2	+3.12062E-2	+4.13954E-2
+5.02000E+2	+5.82275E-2	+3.27135E-2	+4.36491E-2
+5.04000E+2	+6.28510E-2	+3.45909E-2	+4.61113E-2
+5.06000E+2	+6.75659E-2	+3.57541E-2	+4.72284E-2
+5.08000E+2	+6.19354E-2	+3.65331E-2	+4.87823E-2
+5.10000E+2	+6.41479E-2	+3.76483E-2	+5.02160E-2
+5.12000E+2	+6.53839E-2	+3.88049E-2	+5.14941E-2
+5.14000E+2	+6.75812E-2	+3.97119E-2	+5.29110E-2
+5.16000E+2	+6.78253E-2	+4.03403E-2	+5.37597E-2
+5.18000E+2	+6.88629E-2	+4.02364E-2	+5.32839E-2
+5.20000E+2	+6.75049E-2	+3.97030E-2	+5.29781E-2
+5.22000E+2	+6.63452E-2	+3.91193E-2	+5.15688E-2
+5.24000E+2	+6.80084E-2	+3.81717E-2	+5.07290E-2
+5.26000E+2	+6.48499E-2	+3.73395E-2	+4.97428E-2
+5.28000E+2	+6.41022E-2	+3.67857E-2	+4.86724E-2
+5.30000E+2	+6.25000E-2	+3.61621E-2	+4.81423E-2
+5.32000E+2	+6.27747E-2	+3.50003E-2	+4.64770E-2
+5.34000E+2	+5.94330E-2	+3.32551E-2	+4.38635E-2
+5.36000E+2	+5.65948E-2	+3.15232E-2	+4.18570E-2
+5.38000E+2	+5.50079E-2	+2.97105E-2	+3.90448E-2
+5.40000E+2	+5.16815E-2	+2.81278E-2	+3.73209E-2
+5.42000E+2	+5.03082E-2	+2.66363E-2	+3.51189E-2
+5.44000E+2	+4.78516E-2	+2.54548E-2	+3.38247E-2
+5.46000E+2	+4.57153E-2	+2.39223E-2	+3.12802E-2
+5.48000E+2	+4.36096E-2	+2.17173E-2	+2.86730E-2
+5.50000E+2	+4.15649E-2	+2.03101E-2	+2.66301E-2
+5.52000E+2	+3.83148E-2	+1.92000E-2	+2.52184E-2
+5.54000E+2	+3.82233E-2	+1.79455E-2	+2.32436E-2
+5.56000E+2	+3.54614E-2	+1.67947E-2	+2.20189E-2
+5.58000E+2	+3.43781E-2	+1.59319E-2	+2.06948E-2
+5.60000E+2	+3.41644E-2	+1.58779E-2	+2.07401E-2
+5.62000E+2	+3.42255E-2	+1.58953E-2	+2.06573E-2
+5.64000E+2	+3.48511E-2	+1.61892E-2	+2.12532E-2
+5.66000E+2	+3.53699E-2	+1.64124E-2	+2.13499E-2
+5.68000E+2	+3.71094E-2	+1.68135E-2	+2.21366E-2
+5.70000E+2	+3.64838E-2	+1.76128E-2	+2.29863E-2
+5.72000E+2	+3.86963E-2	+1.85137E-2	+2.45009E-2
+5.74000E+2	+4.04968E-2	+1.96200E-2	+2.56807E-2
+5.76000E+2	+4.25415E-2	+2.05815E-2	+2.72310E-2
+5.78000E+2	+4.34418E-2	+2.16601E-2	+2.85040E-2
+5.80000E+2	+4.48914E-2	+2.28679E-2	+3.03605E-2
+5.82000E+2	+4.65393E-2	+2.40037E-2	+3.16590E-2
+5.84000E+2	+4.70123E-2	+2.50151E-2	+3.30291E-2
+5.86000E+2	+4.99268E-2	+2.59388E-2	+3.45609E-2
+5.88000E+2	+4.98505E-2	+2.68546E-2	+3.53590E-2
+5.90000E+2	+5.01404E-2	+2.68685E-2	+3.54100E-2
+5.92000E+2	+5.05829E-2	+2.68121E-2	+3.53817E-2
+5.94000E+2	+5.11322E-2	+2.68200E-2	+3.54407E-2
+5.96000E+2	+4.94232E-2	+2.63852E-2	+3.47150E-2
+5.98000E+2	+4.99573E-2	+2.62939E-2	+3.46939E-2
+6.00000E+2	+4.85840E-2	+2.58922E-2	+3.40692E-2
+6.02000E+2	+4.76837E-2	+2.45200E-2	+3.22831E-2
+6.04000E+2	+4.53949E-2	+2.32520E-2	+3.05840E-2
+6.06000E+2	+4.44336E-2	+2.24736E-2	+2.96016E-2
+6.08000E+2	+4.19464E-2	+2.18411E-2	+2.87400E-2
+6.10000E+2	+4.53644E-2	+2.14057E-2	+2.81234E-2
+6.12000E+2	+4.35486E-2	+2.12245E-2	+2.80953E-2
+6.14000E+2	+4.14886E-2	+2.09307E-2	+2.73520E-2
+6.16000E+2	+4.11530E-2	+2.04210E-2	+2.69289E-2
+6.18000E+2	+4.09393E-2	+1.97111E-2	+2.57548E-2
+6.20000E+2	+3.89252E-2	+1.92131E-2	+2.51451E-2
+6.22000E+2	+3.87726E-2	+1.87000E-2	+2.45801E-2
+6.24000E+2	+3.78876E-2	+1.83291E-2	+2.39559E-2
+6.26000E+2	+3.66821E-2	+1.78952E-2	+2.33807E-2
+6.28000E+2	+3.68347E-2	+1.74568E-2	+2.27395E-2
+6.30000E+2	+3.54462E-2	+1.71115E-2	+2.23050E-2
+6.32000E+2	+3.60107E-2	+1.67957E-2	+2.18422E-2
+6.34000E+2	+3.73993E-2	+1.65200E-2	+2.16635E-2
+6.36000E+2	+3.50189E-2	+1.61892E-2	+2.09506E-2
+6.38000E+2	+3.73993E-2	+1.64001E-2	+2.13471E-2
+6.40000E+2	+3.59192E-2	+1.64021E-2	+2.12670E-2
+6.42000E+2	+3.52020E-2	+1.58794E-2	+2.05342E-2
+6.44000E+2	+3.46680E-2	+1.54704E-2	+2.00202E-2
+6.46000E+2	+3.37982E-2	+1.51285E-2	+1.95024E-2
+6.48000E+2	+3.27911E-2	+1.46219E-2	+1.88160E-2
+6.50000E+2	+3.39508E-2	+1.47157E-2	+1.90296E-2
+6.52000E+2	+3.34015E-2	+1.47081E-2	+1.88930E-2
+6.54000E+2	+3.30963E-2	+1.46960E-2	+1.88190E-2
+6.56000E+2	+3.18909E-2	+1.41316E-2	+1.82091E-2
+6.58000E+2	+3.01666E-2	+1.38162E-2	+1.76930E-2
+6.60000E+2	+3.18298E-2	+1.34851E-2	+1.72939E-2
+6.62000E+2	+2.98767E-2	+1.30755E-2	+1.66197E-2
+6.64000E+2	+3.13721E-2	+1.26910E-2	+1.62255E-2
+6.66000E+2	+3.10211E-2	+1.29772E-2	+1.67867E-2
+6.68000E+2	+3.32642E-2	+1.46187E-2	+1.89562E-2
+6.70000E+2	+3.38898E-2	+1.54542E-2	+2.00868E-2
+6.72000E+2	+3.50494E-2	+1.61944E-2	+2.10299E-2
+6.74000E+2	+3.76434E-2	+1.72080E-2	+2.22969E-2
+6.76000E+2	+3.67889E-2	+1.71997E-2	+2.22627E-2
+6.78000E+2	+3.55072E-2	+1.69303E-2	+2.19829E-2
+6.80000E+2	+3.61633E-2	+1.67239E-2	+2.16465E-2
+6.82000E+2	+3.50800E-2	+1.62965E-2	+2.10412E-2
+6.84000E+2	+3.48358E-2	+1.55240E-2	+1.99975E-2
+6.86000E+2	+3.29437E-2	+1.52313E-2	+1.98414E-2
+6.88000E+2	+3.49731E-2	+1.53141E-2	+1.97804E-2
+6.90000E+2	+3.37677E-2	+1.55595E-2	+2.02563E-2
+6.92000E+2	+3.51868E-2	+1.57851E-2	+2.03603E-2
+6.94000E+2	+3.58276E-2	+1.57968E-2	+2.06057E-2
+6.96000E+2	+3.68958E-2	+1.65143E-2	+2.14098E-2
+6.98000E+2	+3.55072E-2	+1.63634E-2	+2.12478E-2
+7.00000E+2	+3.72925E-2	+1.64185E-2	+2.13274E-2
+7.02000E+2	+3.64990E-2	+1.72120E-2	+2.24059E-2
+7.04000E+2	+3.62244E-2	+1.73400E-2	+2.24130E-2
+7.06000E+2	+3.61328E-2	+1.74223E-2	+2.26335E-2
+7.08000E+2	+3.73993E-2	+1.76074E-2	+2.29772E-2
+7.10000E+2	+3.73535E-2	+1.73376E-2	+2.24352E-2
+7.12000E+2	+3.67126E-2	+1.68849E-2	+2.19317E-2
+7.14000E+2	+3.82843E-2	+1.72599E-2	+2.24489E-2
+7.16000E+2	+3.98865E-2	+1.72772E-2	+2.22563E-2
+7.18000E+2	+3.72620E-2	+1.69772E-2	+2.21780E-2
+7.20000E+2	+3.57056E-2	+1.68136E-2	+2.16612E-2
+7.22000E+2	+3.57513E-2	+1.70642E-2	+2.23567E-2
+7.24000E+2	+3.59650E-2	+1.69462E-2	+2.18411E-2
+7.26000E+2	+3.45917E-2	+1.64361E-2	+2.11344E-2
+7.28000E+2	+3.66516E-2	+1.58224E-2	+2.04192E-2
+7.30000E+2	+3.38745E-2	+1.52151E-2	+1.94990E-2
+7.32000E+2	+3.34930E-2	+1.47750E-2	+1.89016E-2
+7.34000E+2	+3.42865E-2	+1.50655E-2	+1.92724E-2
+7.36000E+2	+3.19977E-2	+1.47820E-2	+1.89764E-2
+7.38000E+2	+3.20282E-2	+1.37893E-2	+1.74507E-2
+7.40000E+2	+3.05023E-2	+1.32952E-2	+1.67143E-2
+7.42000E+2	+2.95715E-2	+1.25018E-2	+1.57300E-2
+7.44000E+2	+3.09601E-2	+1.21055E-2	+1.51079E-2
+7.46000E+2	+2.79846E-2	+1.14936E-2	+1.42039E-2
+7.48000E+2	+2.74353E-2	+1.07754E-2	+1.32494E-2
+7.50000E+2	+2.55890E-2	+1.02861E-2	+1.24843E-2
+7.52000E+2	+2.72522E-2	+9.88251E-3	+1.20032E-2
+7.54000E+2	+2.47803E-2	+9.30032E-3	+1.09619E-2
+7.56000E+2	+2.47803E-2	+8.51674E-3	+9.92939E-3
+7.58000E+2	+2.20337E-2	+7.98504E-3	+9.14331E-3
+7.60000E+2	+2.23694E-2	+7.74932E-3	+8.85128E-3
+7.62000E+2	+2.35138E-2	+7.75054E-3	+8.69181E-3
+7.64000E+2	+2.15149E-2	+7.43863E-3	+8.35564E-3
+7.66000E+2	+2.40021E-2	+7.34376E-3	+8.18013E-3
+7.68000E+2	+2.26898E-2	+7.26869E-3	+8.09621E-3
+7.70000E+2	+2.13013E-2	+7.10394E-3	+7.81044E-3
+7.72000E+2	+2.12860E-2	+7.09560E-3	+7.77204E-3
+7.74000E+2	+2.29950E-2	+6.95138E-3	+7.53004E-3
+7.76000E+2	+2.22778E-2	+7.17395E-3	+8.02406E-3
+7.78000E+2	+2.33002E-2	+7.73251E-3	+8.79853E-3
+7.80000E+2	+2.30865E-2	+8.10499E-3	+9.44147E-3
+7.82000E+2	+2.61078E-2	+8.34418E-3	+9.72952E-3
+7.84000E+2	+2.42004E-2	+8.76177E-3	+1.04922E-2
+7.86000E+2	+2.41852E-2	+9.23757E-3	+1.10231E-2
+7.88000E+2	+2.67029E-2	+9.61848E-3	+1.17466E-2
+7.90000E+2	+2.53601E-2	+1.00075E-2	+1.21740E-2
+7.92000E+2	+2.62604E-2	+1.00986E-2	+1.24950E-2
+7.94000E+2	+2.59094E-2	+1.01417E-2	+1.23492E-2
+7.96000E+2	+2.67334E-2	+1.06127E-2	+1.32881E-2
+7.98000E+2	+2.72217E-2	+1.13618E-2	+1.41748E-2
+8.00000E+2	+2.88696E-2	+1.18043E-2	+1.49197E-2
+8.02000E+2	+2.81067E-2	+1.21546E-2	+1.53078E-2
+8.04000E+2	+3.07770E-2	+1.29313E-2	+1.64777E-2
+8.06000E+2	+3.06549E-2	+1.37086E-2	+1.75356E-2
+8.08000E+2	+3.03497E-2	+1.38749E-2	+1.76652E-2
+8.10000E+2	+3.24097E-2	+1.41315E-2	+1.81650E-2
+8.12000E+2	+3.33557E-2	+1.51329E-2	+1.94936E-2
+8.14000E+2	+3.68500E-2	+1.61613E-2	+2.09582E-2
+8.16000E+2	+3.72925E-2	+1.68878E-2	+2.18317E-2
+8.18000E+2	+3.73688E-2	+1.75100E-2	+2.27259E-2
+8.20000E+2	+3.82996E-2	+1.84506E-2	+2.41875E-2
+8.22000E+2	+4.09241E-2	+1.91454E-2	+2.50056E-2
+8.24000E+2	+4.22516E-2	+1.99441E-2	+2.60971E-2
+8.26000E+2	+4.16107E-2	+2.10589E-2	+2.76015E-2
+8.28000E+2	+4.42505E-2	+2.27456E-2	+3.00836E-2
+8.30000E+2	+4.55780E-2	+2.40435E-2	+3.15097E-2
+8.32000E+2	+4.82178E-2	+2.51173E-2	+3.31978E-2
+8.34000E+2	+4.92401E-2	+2.59458E-2	+3.39574E-2
+8.36000E+2	+4.81415E-2	+2.52381E-2	+3.29470E-2
+8.38000E+2	+4.98199E-2	+2.44524E-2	+3.23933E-2
+8.40000E+2	+4.67377E-2	+2.47722E-2	+3.25549E-2
+8.42000E+2	+4.75769E-2	+2.52409E-2	+3.31443E-2
+8.44000E+2	+4.67529E-2	+2.41055E-2	+3.18158E-2
+8.46000E+2	+4.53949E-2	+2.38671E-2	+3.13400E-2
+8.48000E+2	+4.45099E-2	+2.29858E-2	+3.02755E-2
+8.50000E+2	+4.39911E-2	+2.24745E-2	+2.95532E-2
+8.52000E+2	+4.40674E-2	+2.24528E-2	+2.95652E-2
+8.54000E+2	+4.30908E-2	+2.22063E-2	+2.91392E-2
+8.56000E+2	+4.31519E-2	+2.16027E-2	+2.86633E-2
+8.58000E+2	+4.23279E-2	+2.15676E-2	+2.84740E-2
+8.60000E+2	+4.44489E-2	+2.19849E-2	+2.90548E-2
+8.62000E+2	+4.46625E-2	+2.25318E-2	+2.97252E-2
+8.64000E+2	+4.53186E-2	+2.32331E-2	+3.05785E-2
+8.66000E+2	+4.53796E-2	+2.35438E-2	+3.09589E-2
+8.68000E+2	+4.44336E-2	+2.31623E-2	+3.05127E-2
+8.70000E+2	+4.60052E-2	+2.34473E-2	+3.10481E-2
+8.72000E+2	+4.69513E-2	+2.43362E-2	+3.21722E-2
+8.74000E+2	+4.70886E-2	+2.48374E-2	+3.28882E-2
+8.76000E+2	+4.83398E-2	+2.50547E-2	+3.31803E-2
+8.78000E+2	+4.78516E-2	+2.53946E-2	+3.36177E-2
+8.80000E+2	+4.75159E-2	+2.53373E-2	+3.33624E-2
+8.82000E+2	+6.34155E-2	+2.53287E-2	+3.34283E-2
+8.84000E+2	+5.05219E-2	+2.57390E-2	+3.40724E-2
+8.86000E+2	+4.78363E-2	+2.60772E-2	+3.44596E-2
+8.88000E+2	+5.01862E-2	+2.68022E-2	+3.55191E-2
+8.90000E+2	+5.13916E-2	+2.75673E-2	+3.64391E-2
+8.92000E+2	+5.09338E-2	+2.74412E-2	+3.62637E-2
+8.94000E+2	+5.08118E-2	+2.68248E-2	+3.52704E-2
+8.96000E+2	+4.88892E-2	+2.60036E-2	+3.43624E-2
+8.98000E+2	+4.99115E-2	+2.64294E-2	+3.50969E-2
+9.00000E+2	+4.99268E-2	+2.67080E-2	+3.52670E-2
+9.02000E+2	+4.80957E-2	+2.64195E-2	+3.48714E-2
+9.04000E+2	+4.86450E-2	+2.56620E-2	+3.38941E-2
+9.06000E+2	+4.76990E-2	+2.55003E-2	+3.38384E-2
+9.08000E+2	+4.78058E-2	+2.54162E-2	+3.35324E-2
+9.10000E+2	+4.97589E-2	+2.54663E-2	+3.35463E-2
+9.12000E+2	+4.92554E-2	+2.57078E-2	+3.44066E-2
+9.14000E+2	+4.79584E-2	+2.55690E-2	+3.37155E-2
+9.16000E+2	+5.14526E-2	+2.56586E-2	+3.38041E-2
+9.18000E+2	+4.84924E-2	+2.55604E-2	+3.37525E-2
+9.20000E+2	+4.71497E-2	+2.47219E-2	+3.23286E-2
+9.22000E+2	+4.82483E-2	+2.40654E-2	+3.19299E-2
+9.24000E+2	+4.65546E-2	+2.36491E-2	+3.11349E-2
+9.26000E+2	+4.58832E-2	+2.34919E-2	+3.09532E-2
+9.28000E+2	+4.59442E-2	+2.34658E-2	+3.10934E-2
+9.30000E+2	+4.56543E-2	+2.31553E-2	+3.03871E-2
+9.32000E+2	+4.36707E-2	+2.25595E-2	+2.96285E-2
+9.34000E+2	+4.42657E-2	+2.23312E-2	+2.96233E-2
+9.36000E+2	+4.28162E-2	+2.20601E-2	+2.89502E-2
+9.38000E+2	+4.16260E-2	+2.17688E-2	+2.85908E-2
+9.40000E+2	+4.31671E-2	+2.17635E-2	+2.86704E-2
+9.42000E+2	+4.31976E-2	+2.13527E-2	+2.80409E-2
+9.44000E+2	+4.10309E-2	+2.09062E-2	+2.74981E-2
+9.46000E+2	+4.04663E-2	+2.09296E-2	+2.75440E-2
+9.48000E+2	+4.09698E-2	+2.07887E-2	+2.72617E-2
+9.50000E+2	+4.27094E-2	+2.05153E-2	+2.72237E-2
+9.52000E+2	+4.22058E-2	+2.02037E-2	+2.64433E-2
+9.54000E+2	+4.23126E-2	+1.99867E-2	+2.62262E-2
+9.56000E+2	+3.95203E-2	+1.97427E-2	+2.58940E-2
+9.58000E+2	+4.07867E-2	+1.95283E-2	+2.55369E-2
+9.60000E+2	+3.86200E-2	+1.93069E-2	+2.55094E-2
+9.62000E+2	+3.97339E-2	+1.91232E-2	+2.50285E-2
+9.64000E+2	+3.84827E-2	+1.89457E-2	+2.48020E-2
+9.66000E+2	+3.89709E-2	+1.86987E-2	+2.44272E-2
+9.68000E+2	+3.85895E-2	+1.85454E-2	+2.42093E-2
+9.70000E+2	+3.75824E-2	+1.84851E-2	+2.42420E-2
+9.72000E+2	+3.71399E-2	+1.81938E-2	+2.35989E-2
+9.74000E+2	+3.69720E-2	+1.78192E-2	+2.33521E-2
+9.76000E+2	+3.67584E-2	+1.76728E-2	+2.30337E-2
+9.78000E+2	+3.66821E-2	+1.75397E-2	+2.28648E-2
+9.80000E+2	+3.77045E-2	+1.74249E-2	+2.26119E-2
+9.82000E+2	+3.66974E-2	+1.70137E-2	+2.19583E-2
+9.84000E+2	+3.58124E-2	+1.65901E-2	+2.15536E-2
+9.86000E+2	+3.48663E-2	+1.65033E-2	+2.17022E-2
+9.88000E+2	+3.37830E-2	+1.61038E-2	+2.07882E-2
+9.90000E+2	+3.51715E-2	+1.57086E-2	+2.02011E-2
+9.92000E+2	+3.38287E-2	+1.50734E-2	+1.95323E-2
+9.94000E+2	+3.25165E-2	+1.46797E-2	+1.88391E-2
+9.96000E+2	+3.34320E-2	+1.45362E-2	+1.86519E-2
+9.98000E+2	+3.20587E-2	+1.41767E-2	+1.81329E-2
+1.00000E+3	+3.12500E-2	+1.39118E-2	+1.77109E-2
