+2.00000E+2	+2.24457E-2	+4.92891E-3	+3.24955E-3
+2.02000E+2	+1.99432E-2	+4.93631E-3	+3.75166E-3
+2.04000E+2	+2.08893E-2	+5.03697E-3	+3.85256E-3
+2.06000E+2	+2.00653E-2	+5.06040E-3	+3.90711E-3
+2.08000E+2	+2.09961E-2	+5.08096E-3	+4.00178E-3
+2.10000E+2	+2.09961E-2	+5.04511E-3	+4.14050E-3
+2.12000E+2	+2.04773E-2	+5.19914E-3	+4.35381E-3
+2.14000E+2	+2.09351E-2	+5.28877E-3	+4.57174E-3
+2.16000E+2	+1.94397E-2	+5.41487E-3	+4.84805E-3
+2.18000E+2	+1.97296E-2	+5.58818E-3	+5.21190E-3
+2.20000E+2	+2.10724E-2	+5.76085E-3	+5.51661E-3
+2.22000E+2	+2.04468E-2	+5.90025E-3	+5.72869E-3
+2.24000E+2	+2.07367E-2	+5.95626E-3	+5.82389E-3
+2.26000E+2	+2.18048E-2	+5.99031E-3	+5.91679E-3
+2.28000E+2	+2.08435E-2	+6.09064E-3	+6.10909E-3
+2.30000E+2	+2.28119E-2	+6.16241E-3	+6.17640E-3
+2.32000E+2	+2.07977E-2	+6.16882E-3	+6.25150E-3
+2.34000E+2	+2.11487E-2	+6.24938E-3	+6.44587E-3
+2.36000E+2	+2.16980E-2	+6.51611E-3	+6.85550E-3
+2.38000E+2	+2.34680E-2	+6.74121E-3	+7.20940E-3
+2.40000E+2	+2.30103E-2	+6.99070E-3	+7.61870E-3
+2.42000E+2	+2.25220E-2	+7.16171E-3	+7.93156E-3
+2.44000E+2	+2.37732E-2	+7.43517E-3	+8.30994E-3
+2.46000E+2	+2.45209E-2	+7.65910E-3	+8.63387E-3
+2.48000E+2	+2.56042E-2	+7.82950E-3	+8.92720E-3
+2.50000E+2	+2.40784E-2	+8.16977E-3	+9.54963E-3
+2.52000E+2	+2.54822E-2	+8.50934E-3	+1.00377E-2
+2.54000E+2	+2.53448E-2	+8.80175E-3	+1.04731E-2
+2.56000E+2	+2.37122E-2	+8.87786E-3	+1.06259E-2
+2.58000E+2	+2.45209E-2	+8.87134E-3	+1.06313E-2
+2.60000E+2	+2.47498E-2	+8.91684E-3	+1.07285E-2
+2.62000E+2	+2.50854E-2	+9.19767E-3	+1.11280E-2
+2.64000E+2	+2.52991E-2	+9.35573E-3	+1.14087E-2
+2.66000E+2	+2.66113E-2	+9.91157E-3	+1.22301E-2
+2.68000E+2	+2.72827E-2	+1.05878E-2	+1.31295E-2
+2.70000E+2	+2.81219E-2	+1.10768E-2	+1.38575E-2
+2.72000E+2	+3.05328E-2	+1.16525E-2	+1.47485E-2
+2.74000E+2	+2.92969E-2	+1.24436E-2	+1.58570E-2
+2.76000E+2	+3.23486E-2	+1.33061E-2	+1.70871E-2
+2.78000E+2	+3.24097E-2	+1.44124E-2	+1.86840E-2
+2.80000E+2	+3.42865E-2	+1.58741E-2	+2.07136E-2
+2.82000E+2	+3.68500E-2	+1.73816E-2	+2.26376E-2
+2.84000E+2	+3.80554E-2	+1.90222E-2	+2.50185E-2
+2.86000E+2	+4.35944E-2	+2.11550E-2	+2.79344E-2
+2.88000E+2	+4.53339E-2	+2.36981E-2	+3.12242E-2
+2.90000E+2	+4.99115E-2	+2.68188E-2	+3.56260E-2
+2.92000E+2	+5.60608E-2	+3.06656E-2	+4.05926E-2
+2.94000E+2	+6.45752E-2	+3.56666E-2	+4.75275E-2
+2.96000E+2	+7.36847E-2	+4.30631E-2	+5.72006E-2
+2.98000E+2	+8.63495E-2	+5.02423E-2	+6.65875E-2
+3.00000E+2	+9.73358E-2	+5.86879E-2	+7.74694E-2
+3.02000E+2	+1.04156E-1	+6.48655E-2	+8.45647E-2
+3.04000E+2	+1.06018E-1	+6.60002E-2	+8.58566E-2
+3.06000E+2	+1.05209E-1	+6.22244E-2	+8.09359E-2
+3.08000E+2	+9.69086E-2	+5.69708E-2	+7.37164E-2
+3.10000E+2	+8.82263E-2	+5.06082E-2	+6.60718E-2
+3.12000E+2	+8.02460E-2	+4.35849E-2	+5.66319E-2
+3.14000E+2	+7.15485E-2	+3.75704E-2	+4.92739E-2
+3.16000E+2	+6.12488E-2	+3.29417E-2	+4.32752E-2
+3.18000E+2	+5.61066E-2	+3.07308E-2	+4.06565E-2
+3.20000E+2	+5.16510E-2	+2.90336E-2	+3.80721E-2
+3.22000E+2	+5.01251E-2	+2.65502E-2	+3.46774E-2
+3.24000E+2	+4.62799E-2	+2.35451E-2	+3.07993E-2
+3.26000E+2	+4.24194E-2	+2.08947E-2	+2.71252E-2
+3.28000E+2	+4.21143E-2	+1.91415E-2	+2.50771E-2
+3.30000E+2	+7.17773E-2	+1.82299E-2	+2.30254E-2
+3.32000E+2	+3.59955E-2	+1.70724E-2	+2.22499E-2
+3.34000E+2	+4.06036E-2	+1.68221E-2	+2.19308E-2
+3.36000E+2	+3.55682E-2	+1.68125E-2	+2.16604E-2
+3.38000E+2	+3.37830E-2	+1.60909E-2	+2.07941E-2
+3.40000E+2	+3.33252E-2	+1.51188E-2	+1.93157E-2
+3.42000E+2	+3.65143E-2	+1.39042E-2	+1.78018E-2
+3.44000E+2	+3.08228E-2	+1.35154E-2	+1.72593E-2
+3.46000E+2	+3.26996E-2	+1.31101E-2	+1.65916E-2
+3.48000E+2	+3.05328E-2	+1.23331E-2	+1.54626E-2
+3.50000E+2	+2.84119E-2	+1.15503E-2	+1.44097E-2
+3.52000E+2	+2.74200E-2	+1.07845E-2	+1.32409E-2
+3.54000E+2	+2.63367E-2	+1.01339E-2	+1.23931E-2
+3.56000E+2	+2.61841E-2	+9.43062E-3	+1.13159E-2
+3.58000E+2	+2.38037E-2	+8.80708E-3	+1.05127E-2
+3.60000E+2	+2.54669E-2	+8.28874E-3	+9.65937E-3
+3.62000E+2	+2.23541E-2	+7.90798E-3	+9.13970E-3
+3.64000E+2	+2.28424E-2	+7.52032E-3	+8.46703E-3
+3.66000E+2	+2.21863E-2	+7.12800E-3	+7.88534E-3
+3.68000E+2	+2.17896E-2	+6.72982E-3	+7.14252E-3
+3.70000E+2	+1.99585E-2	+6.31063E-3	+6.49532E-3
+3.72000E+2	+2.04010E-2	+6.09190E-3	+6.10013E-3
+3.74000E+2	+1.95465E-2	+5.70246E-3	+5.34215E-3
+3.76000E+2	+1.86615E-2	+5.17076E-3	+4.31160E-3
+3.78000E+2	+1.94092E-2	+4.70468E-3	+3.22399E-3
+3.80000E+2	+1.66473E-2	+4.24616E-3	+1.98104E-3
+3.82000E+2	+6.23779E-2	+7.79029E-3	+9.29286E-4
+3.84000E+2	+1.88751E-2	+4.06737E-3	+6.22044E-4
+3.86000E+2	+1.57623E-2	+4.10415E-3	+9.84579E-4
+3.88000E+2	+1.66016E-2	+4.17668E-3	+1.49172E-3
+3.90000E+2	+1.65710E-2	+4.24088E-3	+2.00718E-3
+3.92000E+2	+1.74408E-2	+4.43074E-3	+2.62966E-3
+3.94000E+2	+1.67084E-2	+4.60553E-3	+3.20193E-3
+3.96000E+2	+1.79901E-2	+4.98480E-3	+4.04430E-3
+3.98000E+2	+1.90887E-2	+5.44275E-3	+4.98934E-3
+4.00000E+2	+2.11945E-2	+6.16284E-3	+6.29615E-3
+4.02000E+2	+2.10876E-2	+6.87861E-3	+7.33728E-3
+4.04000E+2	+2.19574E-2	+6.97384E-3	+7.58039E-3
+4.06000E+2	+2.16827E-2	+6.85133E-3	+7.36599E-3
+4.08000E+2	+2.23236E-2	+6.75730E-3	+7.21976E-3
+4.10000E+2	+2.21100E-2	+6.69651E-3	+7.14762E-3
+4.12000E+2	+2.14996E-2	+6.76153E-3	+7.30281E-3
+4.14000E+2	+2.05536E-2	+7.00678E-3	+7.85848E-3
+4.16000E+2	+2.13165E-2	+7.44011E-3	+8.38604E-3
+4.18000E+2	+2.17896E-2	+7.72635E-3	+8.93205E-3
+4.20000E+2	+2.34222E-2	+8.28846E-3	+9.83151E-3
+4.22000E+2	+2.59857E-2	+9.12427E-3	+1.10782E-2
+4.24000E+2	+2.56195E-2	+9.99875E-3	+1.22721E-2
+4.26000E+2	+2.77405E-2	+1.09143E-2	+1.37063E-2
+4.28000E+2	+2.88086E-2	+1.23171E-2	+1.57134E-2
+4.30000E+2	+3.30811E-2	+1.37598E-2	+1.77140E-2
+4.32000E+2	+3.41492E-2	+1.55322E-2	+2.02407E-2
+4.34000E+2	+3.78113E-2	+1.77603E-2	+2.32765E-2
+4.36000E+2	+4.39301E-2	+2.12674E-2	+2.82917E-2
+4.38000E+2	+5.16052E-2	+2.68610E-2	+3.57286E-2
+4.40000E+2	+6.30035E-2	+3.48756E-2	+4.66887E-2
+4.42000E+2	+8.01239E-2	+4.59061E-2	+6.09080E-2
+4.44000E+2	+1.04660E-1	+6.20530E-2	+8.25766E-2
+4.46000E+2	+1.28036E-1	+7.91306E-2	+1.03105E-1
+4.48000E+2	+1.37283E-1	+8.70613E-2	+1.12104E-1
+4.50000E+2	+1.34628E-1	+8.15123E-2	+1.04932E-1
+4.52000E+2	+1.22513E-1	+6.98446E-2	+8.93240E-2
+4.54000E+2	+1.06720E-1	+5.85222E-2	+7.67143E-2
+4.56000E+2	+8.97980E-2	+5.01707E-2	+6.58252E-2
+4.58000E+2	+8.02307E-2	+4.43139E-2	+5.83529E-2
+4.60000E+2	+1.33545E-1	+4.00052E-2	+5.30991E-2
+4.62000E+2	+6.66046E-2	+3.68898E-2	+4.85607E-2
+4.64000E+2	+6.25153E-2	+3.41687E-2	+4.54683E-2
+4.66000E+2	+5.80750E-2	+3.24803E-2	+4.29992E-2
+4.68000E+2	+5.56946E-2	+3.14956E-2	+4.17713E-2
+4.70000E+2	+5.62134E-2	+3.06255E-2	+4.08414E-2
+4.72000E+2	+5.94330E-2	+3.01959E-2	+3.98862E-2
+4.74000E+2	+5.65643E-2	+3.00771E-2	+4.00159E-2
+4.76000E+2	+5.45349E-2	+3.01756E-2	+3.97964E-2
+4.78000E+2	+5.40619E-2	+2.93137E-2	+3.87165E-2
+4.80000E+2	+5.19714E-2	+2.78487E-2	+3.69093E-2
+4.82000E+2	+5.05829E-2	+2.74151E-2	+3.62376E-2
+4.84000E+2	+5.12390E-2	+2.72145E-2	+3.62542E-2
+4.86000E+2	+4.99420E-2	+2.71205E-2	+3.57240E-2
+4.88000E+2	+5.10254E-2	+2.69899E-2	+3.58230E-2
+4.90000E+2	+4.90570E-2	+2.67042E-2	+3.53857E-2
+4.92000E+2	+5.10101E-2	+2.67830E-2	+3.53275E-2
+4.94000E+2	+4.86603E-2	+2.70479E-2	+3.60379E-2
+4.96000E+2	+5.01862E-2	+2.73307E-2	+3.61373E-2
+4.98000E+2	+5.22919E-2	+2.78722E-2	+3.72031E-2
+5.00000E+2	+5.45044E-2	+2.88031E-2	+3.81389E-2
+5.02000E+2	+5.39398E-2	+2.97810E-2	+3.97250E-2
+5.04000E+2	+5.55115E-2	+3.08201E-2	+4.09580E-2
+5.06000E+2	+5.88531E-2	+3.24246E-2	+4.30177E-2
+5.08000E+2	+6.06995E-2	+3.34411E-2	+4.46760E-2
+5.10000E+2	+6.20117E-2	+3.46935E-2	+4.59209E-2
+5.12000E+2	+6.35834E-2	+3.63896E-2	+4.87471E-2
+5.14000E+2	+6.59637E-2	+3.83225E-2	+5.08698E-2
+5.16000E+2	+6.84509E-2	+4.03380E-2	+5.39508E-2
+5.18000E+2	+7.53021E-2	+4.24901E-2	+5.68174E-2
+5.20000E+2	+7.67059E-2	+4.52754E-2	+6.02006E-2
+5.22000E+2	+8.14362E-2	+4.85671E-2	+6.52152E-2
+5.24000E+2	+8.45795E-2	+5.15292E-2	+6.86847E-2
+5.26000E+2	+9.17358E-2	+5.51814E-2	+7.39231E-2
+5.28000E+2	+9.78088E-2	+5.99769E-2	+8.03427E-2
+5.30000E+2	+1.07925E-1	+6.66731E-2	+8.86606E-2
+5.32000E+2	+1.18332E-1	+7.42966E-2	+9.98569E-2
+5.34000E+2	+1.33057E-1	+8.42710E-2	+1.12087E-1
+5.36000E+2	+1.51596E-1	+9.71686E-2	+1.29512E-1
+5.38000E+2	+1.73233E-1	+1.11649E-1	+1.48292E-1
+5.40000E+2	+1.90689E-1	+1.24614E-1	+1.62592E-1
+5.42000E+2	+1.95557E-1	+1.29525E-1	+1.69753E-1
+5.44000E+2	+1.91910E-1	+1.22428E-1	+1.57671E-1
+5.46000E+2	+1.80603E-1	+1.05499E-1	+1.36322E-1
+5.48000E+2	+1.54129E-1	+8.62272E-2	+1.11894E-1
+5.50000E+2	+1.26526E-1	+6.98659E-2	+9.08077E-2
+5.52000E+2	+1.05957E-1	+5.80084E-2	+7.67237E-2
+5.54000E+2	+9.10950E-2	+4.92364E-2	+6.42445E-2
+5.56000E+2	+7.78351E-2	+4.17623E-2	+5.51310E-2
+5.58000E+2	+6.91376E-2	+3.54808E-2	+4.66761E-2
+5.60000E+2	+5.89600E-2	+3.08315E-2	+4.07073E-2
+5.62000E+2	+5.25970E-2	+2.69365E-2	+3.53843E-2
+5.64000E+2	+4.75616E-2	+2.37019E-2	+3.09682E-2
+5.66000E+2	+4.37927E-2	+2.06013E-2	+2.69668E-2
+5.68000E+2	+3.85895E-2	+1.78803E-2	+2.30638E-2
+5.70000E+2	+3.59802E-2	+1.60840E-2	+2.09213E-2
+5.72000E+2	+3.27148E-2	+1.41676E-2	+1.79109E-2
+5.74000E+2	+3.01208E-2	+1.20763E-2	+1.52280E-2
+5.76000E+2	+2.68860E-2	+1.02460E-2	+1.25306E-2
+5.78000E+2	+2.46429E-2	+8.54274E-3	+1.01288E-2
+5.80000E+2	+2.17743E-2	+7.13218E-3	+7.87275E-3
+5.82000E+2	+1.98212E-2	+6.20047E-3	+6.39959E-3
+5.84000E+2	+2.01416E-2	+6.14688E-3	+6.42181E-3
+5.86000E+2	+2.16370E-2	+7.05145E-3	+7.90601E-3
+5.88000E+2	+2.44446E-2	+8.97169E-3	+1.09171E-2
+5.90000E+2	+2.97394E-2	+1.20363E-2	+1.53497E-2
+5.92000E+2	+3.45306E-2	+1.61920E-2	+2.12452E-2
+5.94000E+2	+4.41132E-2	+2.21332E-2	+2.93292E-2
+5.96000E+2	+5.57251E-2	+3.03085E-2	+4.04281E-2
+5.98000E+2	+7.36694E-2	+4.25138E-2	+5.67680E-2
+6.00000E+2	+9.74121E-2	+5.84775E-2	+7.68127E-2
+6.02000E+2	+1.19080E-1	+7.42057E-2	+9.76710E-2
+6.04000E+2	+1.26648E-1	+8.07674E-2	+1.03302E-1
+6.06000E+2	+1.25427E-1	+7.57168E-2	+9.77639E-2
+6.08000E+2	+1.15387E-1	+6.55268E-2	+8.49539E-2
+6.10000E+2	+9.91364E-2	+5.66425E-2	+7.32848E-2
+6.12000E+2	+8.99811E-2	+5.00537E-2	+6.61150E-2
+6.14000E+2	+8.03833E-2	+4.44939E-2	+5.83007E-2
+6.16000E+2	+7.25861E-2	+3.98902E-2	+5.26550E-2
+6.18000E+2	+6.52771E-2	+3.61036E-2	+4.78084E-2
+6.20000E+2	+6.01959E-2	+3.29408E-2	+4.31749E-2
+6.22000E+2	+5.60913E-2	+3.05666E-2	+4.06406E-2
+6.24000E+2	+5.32837E-2	+2.86590E-2	+3.76953E-2
+6.26000E+2	+5.04913E-2	+2.71559E-2	+3.58548E-2
+6.28000E+2	+4.82483E-2	+2.57368E-2	+3.38792E-2
+6.30000E+2	+4.71649E-2	+2.45462E-2	+3.22339E-2
+6.32000E+2	+4.46625E-2	+2.33056E-2	+3.08540E-2
+6.34000E+2	+4.30298E-2	+2.21922E-2	+2.89282E-2
+6.36000E+2	+4.33197E-2	+2.12556E-2	+2.80844E-2
+6.38000E+2	+4.26636E-2	+2.09832E-2	+2.74178E-2
+6.40000E+2	+4.19922E-2	+2.02655E-2	+2.66118E-2
+6.42000E+2	+3.85284E-2	+1.95232E-2	+2.54903E-2
+6.44000E+2	+4.42963E-2	+1.88460E-2	+2.45233E-2
+6.46000E+2	+3.78723E-2	+1.82967E-2	+2.38742E-2
+6.48000E+2	+3.75519E-2	+1.78016E-2	+2.31257E-2
+6.50000E+2	+3.69263E-2	+1.76213E-2	+2.31649E-2
+6.52000E+2	+4.78363E-2	+1.77473E-2	+2.28624E-2
+6.54000E+2	+3.75977E-2	+1.76112E-2	+2.30588E-2
+6.56000E+2	+3.68042E-2	+1.74633E-2	+2.27698E-2
+6.58000E+2	+3.66669E-2	+1.74342E-2	+2.26103E-2
+6.60000E+2	+3.67889E-2	+1.69199E-2	+2.21479E-2
+6.62000E+2	+3.56140E-2	+1.67750E-2	+2.17224E-2
+6.64000E+2	+3.55530E-2	+1.66253E-2	+2.17635E-2
+6.66000E+2	+3.51410E-2	+1.64697E-2	+2.12817E-2
+6.68000E+2	+5.18951E-2	+1.65198E-2	+2.15605E-2
+6.70000E+2	+3.66821E-2	+1.69843E-2	+2.21538E-2
+6.72000E+2	+3.71704E-2	+1.78665E-2	+2.34816E-2
+6.74000E+2	+4.13055E-2	+1.93133E-2	+2.53105E-2
+6.76000E+2	+4.13666E-2	+2.03547E-2	+2.66889E-2
+6.78000E+2	+4.20837E-2	+2.11364E-2	+2.76558E-2
+6.80000E+2	+4.20837E-2	+2.15527E-2	+2.81672E-2
+6.82000E+2	+4.45557E-2	+2.17260E-2	+2.86023E-2
+6.84000E+2	+4.31061E-2	+2.17423E-2	+2.84895E-2
+6.86000E+2	+4.51965E-2	+2.19595E-2	+2.87997E-2
+6.88000E+2	+4.45251E-2	+2.27965E-2	+3.02242E-2
+6.90000E+2	+4.46014E-2	+2.29515E-2	+2.99550E-2
+6.92000E+2	+4.67224E-2	+2.34008E-2	+3.11955E-2
+6.94000E+2	+4.70734E-2	+2.47735E-2	+3.26456E-2
+6.96000E+2	+5.07507E-2	+2.68192E-2	+3.56661E-2
+6.98000E+2	+5.38788E-2	+2.89374E-2	+3.82264E-2
+7.00000E+2	+5.48553E-2	+3.00213E-2	+3.97424E-2
+7.02000E+2	+5.99365E-2	+3.38144E-2	+4.49463E-2
+7.04000E+2	+6.64368E-2	+3.77918E-2	+4.96946E-2
+7.06000E+2	+6.90308E-2	+3.92799E-2	+5.19437E-2
+7.08000E+2	+6.63910E-2	+3.92691E-2	+5.15207E-2
+7.10000E+2	+6.64825E-2	+3.82798E-2	+5.01002E-2
+7.12000E+2	+6.40411E-2	+3.61305E-2	+4.71326E-2
+7.14000E+2	+6.07758E-2	+3.32520E-2	+4.35399E-2
+7.16000E+2	+5.67322E-2	+2.87462E-2	+3.71179E-2
+7.18000E+2	+4.91791E-2	+2.24207E-2	+2.90446E-2
+7.20000E+2	+4.45404E-2	+2.18434E-2	+2.88415E-2
+7.22000E+2	+4.28162E-2	+1.99558E-2	+2.53738E-2
+7.24000E+2	+3.84979E-2	+1.58402E-2	+2.00510E-2
+7.26000E+2	+3.23181E-2	+1.13698E-2	+1.40803E-2
+7.28000E+2	+2.67487E-2	+9.98232E-3	+1.25180E-2
+7.30000E+2	+2.83661E-2	+1.09011E-2	+1.38033E-2
+7.32000E+2	+3.09601E-2	+1.28709E-2	+1.66270E-2
+7.34000E+2	+3.38440E-2	+1.52263E-2	+1.97174E-2
+7.36000E+2	+3.42102E-2	+1.56635E-2	+2.02463E-2
+7.38000E+2	+3.65295E-2	+1.71429E-2	+2.26666E-2
+7.40000E+2	+4.35486E-2	+2.15800E-2	+2.85597E-2
+7.42000E+2	+5.31311E-2	+2.64024E-2	+3.49292E-2
+7.44000E+2	+5.76477E-2	+3.11398E-2	+4.12876E-2
+7.46000E+2	+6.75354E-2	+3.83441E-2	+5.07077E-2
+7.48000E+2	+7.88116E-2	+4.57754E-2	+6.02735E-2
+7.50000E+2	+8.84094E-2	+5.37054E-2	+7.04843E-2
+7.52000E+2	+9.26666E-2	+5.69173E-2	+7.35339E-2
+7.54000E+2	+9.22546E-2	+5.50177E-2	+7.08474E-2
+7.56000E+2	+8.81500E-2	+5.13482E-2	+6.71401E-2
+7.58000E+2	+8.14514E-2	+4.79405E-2	+6.23912E-2
+7.60000E+2	+7.92694E-2	+4.65137E-2	+6.17827E-2
+7.62000E+2	+7.70264E-2	+4.60988E-2	+6.02303E-2
+7.64000E+2	+7.84912E-2	+4.68446E-2	+6.22622E-2
+7.66000E+2	+8.18176E-2	+4.91507E-2	+6.45024E-2
+7.68000E+2	+8.44116E-2	+5.12705E-2	+6.64648E-2
+7.70000E+2	+8.55865E-2	+5.15429E-2	+6.65968E-2
+7.72000E+2	+8.34351E-2	+4.74766E-2	+6.01768E-2
+7.74000E+2	+7.66907E-2	+3.84103E-2	+4.84082E-2
+7.76000E+2	+6.06384E-2	+2.97177E-2	+3.76486E-2
+7.78000E+2	+6.15997E-2	+2.31020E-2	+2.91130E-2
+7.80000E+2	+4.02374E-2	+1.69068E-2	+2.08655E-2
+7.82000E+2	+3.32794E-2	+1.25888E-2	+1.54652E-2
+7.84000E+2	+2.69012E-2	+9.66887E-3	+1.15128E-2
+7.86000E+2	+2.41547E-2	+7.73460E-3	+8.68571E-3
+7.88000E+2	+2.00043E-2	+6.43465E-3	+6.69381E-3
+7.90000E+2	+2.04773E-2	+6.21065E-3	+6.33093E-3
+7.92000E+2	+2.05688E-2	+5.55497E-3	+4.93054E-3
+7.94000E+2	+1.70593E-2	+4.72592E-3	+3.31542E-3
+7.96000E+2	+1.69373E-2	+4.55623E-3	+2.83466E-3
+7.98000E+2	+1.69373E-2	+4.40347E-3	+2.30687E-3
+8.00000E+2	+1.71967E-2	+4.35437E-3	+2.12325E-3
+8.02000E+2	+1.59454E-2	+4.37400E-3	+2.18688E-3
+8.04000E+2	+1.86920E-2	+4.77452E-3	+3.46840E-3
+8.06000E+2	+1.99280E-2	+5.37412E-3	+4.70022E-3
+8.08000E+2	+1.96228E-2	+5.56299E-3	+5.03177E-3
+8.10000E+2	+2.03400E-2	+5.68282E-3	+5.28782E-3
+8.12000E+2	+2.08130E-2	+6.02352E-3	+6.01776E-3
+8.14000E+2	+2.12402E-2	+6.88587E-3	+7.55644E-3
+8.16000E+2	+2.26135E-2	+7.74975E-3	+8.85251E-3
+8.18000E+2	+2.32849E-2	+8.40039E-3	+9.89027E-3
+8.20000E+2	+2.39105E-2	+9.17464E-3	+1.10979E-2
+8.22000E+2	+2.68860E-2	+1.01461E-2	+1.24780E-2
+8.24000E+2	+2.73743E-2	+1.09915E-2	+1.37271E-2
+8.26000E+2	+3.09601E-2	+1.26094E-2	+1.61422E-2
+8.28000E+2	+3.50189E-2	+1.55053E-2	+2.01791E-2
+8.30000E+2	+4.04358E-2	+1.91906E-2	+2.51900E-2
+8.32000E+2	+4.79279E-2	+2.42371E-2	+3.20334E-2
+8.34000E+2	+5.56488E-2	+3.03541E-2	+4.00888E-2
+8.36000E+2	+7.24487E-2	+3.64961E-2	+4.82848E-2
+8.38000E+2	+7.39288E-2	+4.27667E-2	+5.65891E-2
+8.40000E+2	+8.16193E-2	+4.86549E-2	+6.41892E-2
+8.42000E+2	+8.85468E-2	+5.31591E-2	+6.98890E-2
+8.44000E+2	+9.22699E-2	+5.68368E-2	+7.47562E-2
+8.46000E+2	+9.34753E-2	+5.71765E-2	+7.45624E-2
+8.48000E+2	+9.05151E-2	+5.26043E-2	+6.83275E-2
+8.50000E+2	+8.25958E-2	+4.70121E-2	+6.17522E-2
+8.52000E+2	+7.56989E-2	+4.23634E-2	+5.57470E-2
+8.54000E+2	+6.98547E-2	+3.89475E-2	+5.14552E-2
+8.56000E+2	+6.48041E-2	+3.67052E-2	+4.86925E-2
+8.58000E+2	+6.11572E-2	+3.50892E-2	+4.65697E-2
+8.60000E+2	+6.02875E-2	+3.38729E-2	+4.41847E-2
+8.62000E+2	+5.93872E-2	+3.34021E-2	+4.44595E-2
+8.64000E+2	+5.99518E-2	+3.34345E-2	+4.44681E-2
+8.66000E+2	+5.81055E-2	+3.30416E-2	+4.38205E-2
+8.68000E+2	+5.99518E-2	+3.23643E-2	+4.28765E-2
+8.70000E+2	+5.74341E-2	+3.20834E-2	+4.26816E-2
+8.72000E+2	+5.89447E-2	+3.27165E-2	+4.36640E-2
+8.74000E+2	+5.92041E-2	+3.32617E-2	+4.40021E-2
+8.76000E+2	+5.91736E-2	+3.29818E-2	+4.38297E-2
+8.78000E+2	+6.08368E-2	+3.39440E-2	+4.51587E-2
+8.80000E+2	+6.17065E-2	+3.46406E-2	+4.59180E-2
+8.82000E+2	+5.89447E-2	+3.28771E-2	+4.34144E-2
+8.84000E+2	+5.92651E-2	+3.26121E-2	+4.34917E-2
+8.86000E+2	+5.78156E-2	+3.22730E-2	+4.27993E-2
+8.88000E+2	+5.61066E-2	+3.13969E-2	+4.16480E-2
+8.90000E+2	+5.62134E-2	+3.12405E-2	+4.17223E-2
+8.92000E+2	+5.82123E-2	+3.30515E-2	+4.44436E-2
+8.94000E+2	+6.88934E-2	+3.93711E-2	+5.30274E-2
+8.96000E+2	+7.99713E-2	+4.68264E-2	+6.25254E-2
+8.98000E+2	+8.55865E-2	+5.14761E-2	+6.76564E-2
+9.00000E+2	+9.57324E-2	+5.75646E-2	+7.33120E-2
+9.02000E+2	+1.00937E-1	+6.12585E-2	+8.11005E-2
+9.04000E+2	+1.06400E-1	+6.64584E-2	+8.76504E-2
+9.06000E+2	+1.05606E-1	+6.63309E-2	+8.65734E-2
+9.08000E+2	+1.03714E-1	+5.77998E-2	+7.29698E-2
+9.10000E+2	+8.87299E-2	+4.58399E-2	+5.94845E-2
+9.12000E+2	+7.21893E-2	+3.50769E-2	+4.53752E-2
+9.14000E+2	+5.65796E-2	+2.67874E-2	+3.52292E-2
+9.16000E+2	+4.55322E-2	+2.14066E-2	+2.80941E-2
+9.18000E+2	+4.00696E-2	+1.84060E-2	+2.42413E-2
+9.20000E+2	+3.88794E-2	+1.71256E-2	+2.27366E-2
+9.22000E+2	+3.82843E-2	+1.82267E-2	+2.42561E-2
+9.24000E+2	+4.10461E-2	+2.07633E-2	+2.77696E-2
+9.26000E+2	+4.81873E-2	+2.47598E-2	+3.27909E-2
+9.28000E+2	+5.49164E-2	+2.98501E-2	+4.00017E-2
+9.30000E+2	+6.60858E-2	+3.61972E-2	+4.83935E-2
+9.32000E+2	+8.71429E-2	+4.39879E-2	+5.85284E-2
+9.34000E+2	+8.70514E-2	+5.14931E-2	+6.82483E-2
+9.36000E+2	+9.21631E-2	+5.63737E-2	+7.44867E-2
+9.38000E+2	+9.34753E-2	+5.79731E-2	+7.65220E-2
+9.40000E+2	+9.55048E-2	+5.89073E-2	+7.75517E-2
+9.42000E+2	+9.62067E-2	+5.86172E-2	+7.68363E-2
+9.44000E+2	+9.24988E-2	+5.73436E-2	+7.54583E-2
+9.46000E+2	+9.19189E-2	+5.50464E-2	+7.25387E-2
+9.48000E+2	+8.61511E-2	+5.21076E-2	+6.86726E-2
+9.50000E+2	+8.30078E-2	+4.86705E-2	+6.43527E-2
+9.52000E+2	+7.89642E-2	+4.50157E-2	+5.95921E-2
+9.54000E+2	+7.23267E-2	+4.17162E-2	+5.53110E-2
+9.56000E+2	+6.94122E-2	+3.89833E-2	+5.17710E-2
+9.58000E+2	+6.42548E-2	+3.67522E-2	+4.87468E-2
+9.60000E+2	+6.23169E-2	+3.45371E-2	+4.58731E-2
+9.62000E+2	+5.87616E-2	+3.27629E-2	+4.35420E-2
+9.64000E+2	+5.76782E-2	+3.13852E-2	+4.13053E-2
+9.66000E+2	+5.51453E-2	+3.00708E-2	+3.98963E-2
+9.68000E+2	+5.36652E-2	+2.93930E-2	+3.90506E-2
+9.70000E+2	+5.29480E-2	+2.85717E-2	+3.79243E-2
+9.72000E+2	+5.17731E-2	+2.79532E-2	+3.70182E-2
+9.74000E+2	+5.28107E-2	+2.74495E-2	+3.63147E-2
+9.76000E+2	+5.05371E-2	+2.70959E-2	+3.60012E-2
+9.78000E+2	+5.03540E-2	+2.68600E-2	+3.51937E-2
+9.80000E+2	+5.00183E-2	+2.67979E-2	+3.54102E-2
+9.82000E+2	+5.00946E-2	+2.67564E-2	+3.53469E-2
+9.84000E+2	+5.14221E-2	+2.71072E-2	+3.57317E-2
+9.86000E+2	+5.08118E-2	+2.72839E-2	+3.60838E-2
+9.88000E+2	+5.48096E-2	+2.75133E-2	+3.63666E-2
+9.90000E+2	+5.24445E-2	+2.77768E-2	+3.66736E-2
+9.92000E+2	+5.12238E-2	+2.82000E-2	+3.73896E-2
+9.94000E+2	+6.70929E-2	+2.92235E-2	+3.87484E-2
+9.96000E+2	+5.68085E-2	+2.99597E-2	+3.95570E-2
+9.98000E+2	+5.58777E-2	+3.09552E-2	+4.07509E-2
+1.00000E+3	+5.68237E-2	+3.16743E-2	+4.17125E-2
