+0.18015
+0.20263
+0.28316
+0.36092
+0.40135
+0.46590
+0.47763
+0.46764
+0.47133
+0.49755
+0.54639
+0.59610
+0.62910
+0.65207
+0.65744
+0.58371
+0.55013
+0.42913
+0.36146
+0.60352
+0.97174
+1.50175
+2.09155
+2.55452
+3.05976
+3.38717
+3.67025
+3.80031
+3.81634
+3.69353
+3.46068
+3.13131
+2.74886
+2.22082
+1.73078
+1.20562
+0.71005
+0.41926
+0.51105
+0.69724
+0.75366
+0.70069
+0.62642
+0.57573
+0.54746
+0.50873
+0.46111
+0.44672
+0.43716
+0.36940
+0.31863
+0.27213
