+3.18121
+3.19135
+3.28237
+3.29397
+3.31069
+3.37364
+3.43812
+3.42939
+3.51281
+3.46226
+3.58711
+3.55286
+3.66716
+3.63642
+3.62334
+3.70323
+3.66896
+3.86694
+3.69616
+3.90014
+3.68726
+3.99599
+3.82749
+3.95658
+3.96991
+3.93372
+4.10971
+3.92293
+4.25465
+3.90452
+4.27262
+3.97543
+4.18987
+4.18024
+3.99076
+4.33182
+3.97130
+4.47102
+3.93976
+4.40765
+3.98901
+4.25172
+4.13624
+4.01354
+4.42923
+3.88776
+4.52754
+3.80982
+4.43204
+3.90922
+4.01881
+4.27439
+3.82851
+4.39275
+3.72306
+4.43022
+3.80409
+4.17839
+4.06837
+4.00215
+4.21155
+3.69770
+4.34660
+3.54567
+4.19218
+3.51321
+3.78275
+3.72217
+3.45789
+3.88314
+3.29601
+3.76920
+3.16832
