+0.65275
+0.63858
+0.61323
+0.58986
+0.55905
+0.51626
+0.47390
+0.42256
+0.39833
+0.39689
+0.36338
+0.39443
+0.40501
+0.42336
+0.46704
+0.45078
+0.47587
+0.44044
+0.45929
+0.44864
+0.43132
+0.41469
+0.41129
+0.46202
+0.43249
+0.44797
+0.39455
+0.41406
+0.39014
+0.36487
+0.36668
+0.34762
+0.35594
+0.31308
+0.32811
+0.31566
+0.38201
+0.40894
+0.43354
+0.48607
+0.47417
+0.52709
+0.50044
+0.52085
+0.52372
+0.52951
+0.52290
+0.52564
+0.52886
+0.53639
+0.54170
+0.51628
+0.53402
+0.51125
+0.53943
+0.52767
+0.53466
+0.54073
+0.52770
+0.52284
+0.48575
+0.47524
+0.46715
+0.45965
+0.46424
+0.46343
+0.46961
+0.49900
+0.50393
+0.52142
+0.51205
+0.51578
+0.52767
