Vernier Format 2
2uteži_3.cmbl 26/10/2023 12:13:53 ,
Latest
Time	GateState	Distance	Velocity	Acceleration
t	State	d	v	acc
s		rad	rad/s	rad/s²

0	1	0	 	 
0,0363	0	 	 	 
0,6789004	1	0,7854	1,57640501888	1,235922945
0,698948	0	 	 	 
1,1057116	1	1,5708	2,04692256182	0,968881160159
1,1412456	0	 	 	 
1,4597456	1	2,3562	2,4294074954	1,19184314078
1,4702	0	 	 	 
1,760802	1	3,1416	2,76940820232	1,06687454082
1,770816	0	 	 	 
2,0304004	1	3,927	3,04253899555	0,959330312224
2,0387	0	 	 	 
2,2788116	1	4,7124	3,28256504144	0,973159413596
2,2863	0	 	 	 
2,5101432	1	5,4978	3,52193688129	1,09635326735
2,517014	0	 	 	 
2,7259	1	6,2832	3,75692943828	1,0819563571
2,7334	0	 	 	 
2,9290132	1	7,0686	4,00796912098	1,38996257975
2,9369184	0	 	 	 
3,1187316	1	7,854	4,17965862519	0,419977881517
3,1363472	0	 	 	 
3,3049004	1	8,6394	4,35890607521	1,50566648025
3,310734	0	 	 	 
3,4798	1	9,4248	4,59297841329	1,17098158609
3,485818	0	 	 	 
3,6472268	1	10,2102	4,76484757366	0,882084713566
3,6526	0	 	 	 
3,809618	1	10,9956	4,91556541101	0,974146872298
3,8146072	0	 	 	 
3,9669436	1	11,781	5,08016478304	1,11832087646
3,9717096	0	 	 	 
4,119	1	12,5664	5,2443156529	1,0407578583
4,1244036	0	 	 	 
4,2666004	1	13,3518	5,43620620326	1,5593780541
4,2724	0	 	 	 
4,4082004	1	14,1372	5,53108139495	-0,219332973781
4,421526	0	 	 	 
4,5506	1	14,9226	5,64598046805	1,83308853348
4,5551004	0	 	 	 
4,6867008	1	15,708	5,85479846676	1,23549003058
4,6914192	0	 	 	 
4,8190004	1	16,4934	5,99159407358	0,832477020219
4,8232292	0	 	 	 
4,9489116	1	17,2788	6,10858931197	0,968680053007
4,9529228	0	 	 	 
5,0762	1	18,0642	6,24450252228	1,16683599268
5,0800304	0	 	 	 
5,2005304	1	18,8496	6,3760734693	0,949636680518
5,205	0	 	 	 
5,3226	1	19,635	6,54299920002	1,78529045474
5,3274004	0	 	 	 
5,4407328	1	20,4204	6,60028098939	-0,815504089379
5,4519252	0	 	 	 
5,5606156	1	21,2058	6,68153518297	2,17106457983
5,5644236	0	 	 	 
5,6760004	1	21,9912	6,88150244818	1,29502913804
5,6800052	0	 	 	 
5,7889324	1	22,7766	6,9964282453	0,740280554825
5,7926012	0	 	 	 
5,9005308	1	23,562	7,09351053894	0,999570440279
5,9040012	0	 	 	 
6,0104012	1	24,3474	7,21290988431	1,17388747686
6,0137484	0	 	 	 
6,1183412	1	25,1328	7,32719080295	0,943602214423
6,1222012	0	 	 	 
6,2248012	1	25,9182	7,48063636233	1,93908723465
6,2290348	0	 	 	 
6,3284012	1	26,7036	7,50994924379	-1,37320149207
6,338202	0	 	 	 
6,434002	1	27,489	7,57099882507	2,52943480247
6,437326	0	 	 	 
6,536002	1	28,2744	7,76949078181	1,36256434931
6,5395996	0	 	 	 
6,6362092	1	29,0598	7,86948864831	0,633257637419
6,639434	0	 	 	 
6,7356148	1	29,8452	7,95022095615	0,991043364595
6,7387028	0	 	 	 
6,8338036	1	30,6306	8,06092165165	1,26381045776
6,8368036	0	 	 	 
6,9305036	1	31,416	8,16322739074	0,852130371429
6,9340036	0	 	 	 
7,0262372	1	32,2014	8,30467344028	2,10286243241
7,0301012	0	 	 	 
7,1197044	1	32,9868	8,31370292453	-1,90965060509
7,1286044	0	 	 	 
7,2152228	1	33,7722	8,35774843452	2,831891974
7,2183044	0	 	 	 
7,3077452	1	34,5576	8,55262014943	1,38053042113
7,3110044	0	 	 	 
7,398906	1	35,343	8,64634105056	0,67563628942
7,4018052	0	 	 	 
7,489422	1	36,1284	8,72220925848	1,00071281831
7,4922308	0	 	 	 
7,5790076	1	36,9138	8,82109231724	1,20685310218
7,5817516	0	 	 	 
7,6675084	1	37,6992	8,91013611223	0,805417860068
7,670706	0	 	 	 
7,7553068	1	38,4846	9,05082532144	2,39940612796
7,758806	0	 	 	 
7,8411076	1	39,27	9,04086725765	-2,63152666276
7,8493068	0	 	 	 
7,9291068	1	40,0554	9,06773492832	3,24216109285
7,9319068	0	 	 	 
8,0144204	1	40,8408	9,26803143846	1,45337420612
8,0174188	0	 	 	 
8,0986076	1	41,6262	9,35081179151	0,513203920939
8,1013188	0	 	 	 
8,1824076	1	42,4116	9,41765341229	1,08206149153
8,1850084	0	 	 	 
8,2654084	1	43,197	9,51470704622	1,25655774896
8,2679484	0	 	 	 
8,3475092	1	43,9824	9,59972678995	0,814548591599
8,3504468	0	 	 	 
8,429042	1	44,7678	9,73320928339	2,45977765355
8,4323092	0	 	 	 
8,5089284	1	45,5532	9,70745573271	-3,10453197167
8,5165436	0	 	 	 
8,59091	1	46,3386	9,7246593804	3,5242273104
8,5935244	0	 	 	 
8,6705252	1	47,124	9,9275228351	1,57187129153
8,6733252	0	 	 	 
8,7491492	1	47,9094	10,0060178701	0,42484815684
8,7517116	0	 	 	 
8,8275116	1	48,6948	10,0690343774	1,18348715032
8,829914	0	 	 	 
8,9051588	1	49,4802	10,1646285881	1,27878349621
8,9075388	0	 	 	 
8,9820548	1	50,2656	10,2467864283	0,858072523317
8,9848132	0	 	 	 
9,0584588	1	51,051	10,3799206834	2,62693493898
9,0615124	0	 	 	 
9,1334132	1	51,8364	10,3410075797	-3,66524899972
9,1405508	0	 	 	 
9,210414	1	52,6218	10,3449159725	3,76676464293
9,2128548	0	 	 	 
9,285314	1	53,4072	10,5550166341	1,84339988603
9,2879148	0	 	 	 
9,3592468	1	54,1926	10,6350399667	0,321358720171
9,3616348	0	 	 	 
9,4330148	1	54,978	10,687119896	1,09063372487
9,4353156	0	 	 	 
9,5062316	1	55,7634	10,7740093307	1,28284981093
9,5085156	0	 	 	 
9,5788156	1	56,5488	10,8569458573	1,00240662562
9,5814164	0	 	 	 
9,6509164	1	57,3342	10,9932970266	2,77983072374
9,6538164	0	 	 	 
9,721726	1	58,1196	10,9400597604	-4,28350441249
9,7285172	0	 	 	 
9,7945556	1	58,905	10,9345287583	4,13161556265
9,7969188	0	 	 	 
9,865434	1	59,6904	11,142617894	1,74010658841
9,8679276	0	 	 	 
9,9355364	1	60,4758	11,2131602011	0,272443825663
9,9378188	0	 	 	 
10,0055196	1	61,2612	11,2664314088	1,24995605592
10,0076564	0	 	 	 
10,0749636	1	62,0466	11,355924011	1,32744738302
10,0771204	0	 	 	 
10,1438484	1	62,832	11,4276415815	0,754799223561
10,1463204	0	 	 	 
10,2124212	1	63,6174	11,5610057051	3,13490992097
10,2151276	0	 	 	 
10,279742	1	64,4028	11,4960678764	-5,06411541764
10,2862212	0	 	 	 
10,3491212	1	65,1882	11,4501888942	3,74155816033
10,3513236	0	 	 	 
10,416962	1	65,9736	11,5925927615	0,456619553841
10,4193604	0	 	 	 
10,484622	1	66,759	11,5874936767	-0,607346268409
10,4867684	0	 	 	 
10,5525228	1	67,5444	11,5655117128	-0,040126632722
10,5546228	0	 	 	 
10,6204396	1	68,3298	11,5754196896	0,331894703044
10,6225332	0	 	 	 
10,6882244	1	69,1152	11,5768476986	-0,289761098612
10,6906652	0	 	 	 
10,7561244	1	69,9006	11,6363021873	2,04099787917
10,7588276	0	 	 	 
10,8232252	1	70,686	11,5024745595	-6,02985129936
10,82965	0	 	 	 
10,892774	1	71,4714	11,4071374077	3,28826116957
10,8950268	0	 	 	 
10,9609556	1	72,2568	11,5370929002	0,523778810753
10,9633636	0	 	 	 
11,0289268	1	73,0422	11,5354766869	-0,571334637152
11,0311276	0	 	 	 
11,0971276	1	73,8276	11,513766365	-0,0653242285261
11,0992428	0	 	 	 
11,1653548	1	74,613	11,5239283389	0,363210524977
11,1674588	0	 	 	 
11,2334356	1	75,3984	11,5268263412	-0,278076323482
11,2359284	0	 	 	 
11,3016284	1	76,1838	11,5846386461	1,97363083731
11,30435	0	 	 	 
11,369038	1	76,9692	11,4479894729	-6,0279249794
11,3755292	0	 	 	 
11,43893	1	77,7546	 	 
11,4411628	0	 	 	 
