Vernier Format 2
2uteži_1.cmbl 26/10/2023 12:02:36 ,
Latest
Time	GateState	Distance	Velocity	Acceleration
t	State	d	v	acc
s		rad	rad/s	rad/s²

0	1	0	 	 
0,0380576	0	 	 	 
0,7015776	1	0,7854	1,5444787913	1,21156026831
0,7220576	0	 	 	 
1,1360576	1	1,5708	2,02877206017	1,01774036172
1,1720576	0	 	 	 
1,4914992	1	2,3562	2,43743337542	1,28171651249
1,5019568	0	 	 	 
1,790256	1	3,1416	2,79522259103	1,11347058024
1,8001584	0	 	 	 
2,0570576	1	3,927	3,07153570505	0,957829697018
2,0652944	0	 	 	 
2,3033056	1	4,7124	3,30941267954	0,974181726317
2,3107008	0	 	 	 
2,532872	1	5,4978	3,5338442671	0,981083395723
2,5397584	0	 	 	 
2,7486592	1	6,2832	3,74977961883	1,02028973241
2,7561616	0	 	 	 
2,9524608	1	7,0686	3,99513210287	1,38746844058
2,9603616	0	 	 	 
3,1427616	1	7,854	4,1657975357	0,406170186586
3,1604768	0	 	 	 
3,3295952	1	8,6394	4,35307747271	1,59860772288
3,335464	0	 	 	 
3,504408	1	9,4248	4,59623832391	1,1833493329
3,5104656	0	 	 	 
3,6716848	1	10,2102	4,76856886158	0,877074320156
3,6770032	0	 	 	 
3,8339664	1	10,9956	4,92251453208	1,0201915499
3,8388976	0	 	 	 
3,9909648	1	11,781	5,08427593887	1,04048431417
3,9956912	0	 	 	 
4,1430736	1	12,5664	5,23907470723	0,99488468955
4,1484656	0	 	 	 
4,2909104	1	13,3518	5,42900206142	1,57453448334
4,2967632	0	 	 	 
4,432664	1	14,1372	5,525712161	-0,210052740725
4,4460656	0	 	 	 
4,5751856	1	14,9226	5,64646332621	1,90454908676
4,579688	0	 	 	 
4,7111632	1	15,708	5,86182013812	1,26298456446
4,7158736	0	 	 	 
4,8432688	1	16,4934	5,99786555565	0,796661923407
4,8474992	0	 	 	 
4,973096	1	17,2788	6,11578773294	1,01994010282
4,9771024	0	 	 	 
5,1001712	1	18,0642	6,24725810207	1,04923419919
5,1040624	0	 	 	 
5,2245904	1	18,8496	6,37109369845	0,941384553896
5,229064	0	 	 	 
5,3467632	1	19,635	6,53494205468	1,74085496627
5,3515984	0	 	 	 
5,4650832	1	20,4204	6,5896444336	-0,816203530747
5,4763632	0	 	 	 
5,5851632	1	21,2058	6,67516657442	2,24062293148
5,5889616	0	 	 	 
5,7005872	1	21,9912	6,87838516674	1,28063074739
5,7046608	0	 	 	 
5,8135824	1	22,7766	6,99078430984	0,708819124903
5,8172592	0	 	 	 
5,9252976	1	23,562	7,08687876608	1,0115279047
5,92876	0	 	 	 
6,0352592	1	24,3474	7,20454652186	1,12863294737
6,038584	0	 	 	 
6,1433584	1	25,1328	7,31537126591	0,921793772703
6,1471952	0	 	 	 
6,2500048	1	25,9182	7,46477064375	1,8799768982
6,2542608	0	 	 	 
6,3538608	1	26,7036	7,49350639615	-1,32660006108
6,3637008	0	 	 	 
6,4596624	1	27,489	7,5603203583	2,58960482015
6,462984	0	 	 	 
6,5617616	1	28,2744	7,76209510169	1,36291867437
6,5653616	0	 	 	 
6,6620624	1	29,0598	7,86217893463	0,632754997948
6,6652784	0	 	 	 
6,76156	1	29,8452	7,94529499968	1,03795997515
6,7646608	0	 	 	 
6,8597808	1	30,6306	8,04764701239	1,04616095864
6,8627888	0	 	 	 
6,9567632	1	31,416	8,14291978572	0,918582609942
6,9602	0	 	 	 
7,052696	1	32,2014	8,28688316037	2,08275529847
7,0565648	0	 	 	 
7,1463696	1	32,9868	8,29262635523	-1,96013387977
7,1553072	0	 	 	 
7,2421648	1	33,7722	8,33782610588	2,90380852421
7,2451856	0	 	 	 
7,3348656	1	34,5576	8,53779425024	1,4104615653
7,338104	0	 	 	 
7,426168	1	35,343	8,6308060804	0,626983894307
7,4290864	0	 	 	 
7,5168688	1	36,1284	8,70785391124	1,0719610067
7,5196752	0	 	 	 
7,606568	1	36,9138	8,80564580086	1,10847961305
7,6093136	0	 	 	 
7,6952656	1	37,6992	8,8951199814	0,909031132256
7,6983952	0	 	 	 
7,7831664	1	38,4846	9,03837037732	2,35033387738
7,7866672	0	 	 	 
7,8691024	1	39,27	9,03028712461	-2,53845649686
7,8773104	0	 	 	 
7,9571664	1	40,0554	9,06535663786	3,33491164878
7,9599664	0	 	 	 
8,0424656	1	40,8408	9,27212472381	1,51315459221
8,0454704	0	 	 	 
8,1265936	1	41,6262	9,35542814663	0,467242488834
8,1293072	0	 	 	 
8,2103696	1	42,4116	9,41893716763	1,04892015935
8,2129712	0	 	 	 
8,2933712	1	43,197	9,51456771644	1,2553859938
8,2958736	0	 	 	 
8,3754736	1	43,9824	9,59564178622	0,719564063275
8,3784016	0	 	 	 
8,4570736	1	44,7678	9,73184094688	2,6186506587
8,4602768	0	 	 	 
8,53692	1	45,5532	9,71148455945	-3,12853933054
8,5445744	0	 	 	 
8,6188752	1	46,3386	9,73244018259	3,63993148469
8,6214736	0	 	 	 
8,698392	1	47,124	9,93622827867	1,48572991208
8,7011856	0	 	 	 
8,7769744	1	47,9094	10,0181719596	0,599818020898
8,7794736	0	 	 	 
8,8551888	1	48,6948	10,0823798517	1,04202522348
8,8576208	0	 	 	 
8,932776	1	49,4802	10,1682886631	1,17248468051
8,935176	0	 	 	 
9,0096752	1	50,2656	10,2509681407	0,977849199701
9,0123824	0	 	 	 
9,0860144	1	51,051	10,3888193318	2,63369483181
9,0890768	0	 	 	 
9,160904	1	51,8364	10,3522181189	-3,61116601347
9,1680784	0	 	 	 
9,2378032	1	52,6218	10,3602844129	3,82095477783
9,24028	0	 	 	 
9,3125808	1	53,4072	10,565820338	1,6763044305
9,3151824	0	 	 	 
9,3864816	1	54,1926	10,6423161304	0,393924642394
9,3888208	0	 	 	 
9,4601808	1	54,978	10,7006280807	1,18850638278
9,4624208	0	 	 	 
9,5332816	1	55,7634	10,7869025118	1,17191733568
9,5355056	0	 	 	 
9,6058064	1	56,5488	10,8556293695	0,72334767035
9,608408	0	 	 	 
9,6779824	1	57,3342	10,9884946133	2,95835383209
9,6808176	0	 	 	 
9,7487824	1	58,1196	10,9487343185	-4,08152600307
9,7555056	0	 	 	 
9,8215024	1	58,905	10,9487343185	4,08152600307
9,8238256	0	 	 	 
9,8923024	1	59,6904	11,150755797	1,625295423
9,894792	0	 	 	 
9,9623792	1	60,4758	11,2264776776	0,535815834128
9,9645904	0	 	 	 
10,0322224	1	61,2612	11,2818668771	1,05028558908
10,0343952	0	 	 	 
10,1016144	1	62,0466	11,3615966561	1,24766746052
10,103784	0	 	 	 
10,1704816	1	62,832	11,4269461757	0,650174171456
10,1729808	0	 	 	 
10,23908	1	63,6174	11,5608160612	3,25282897252
10,2417808	0	 	 	 
10,3063792	1	64,4028	11,49622579	-5,17232492885
10,312808	0	 	 	 
10,3757808	1	65,1882	11,4345606925	3,39527375036
10,3779856	0	 	 	 
10,4437808	1	65,9736	11,5757162657	0,756360756973
10,4461808	0	 	 	 
10,51148	1	66,759	11,5732827885	-0,82825162962
10,5136784	0	 	 	 
10,5795088	1	67,5444	11,5415835913	-0,103682995974
10,5816784	0	 	 	 
10,6475792	1	68,3298	11,5522091278	0,415875564032
10,6496784	0	 	 	 
10,7154832	1	69,1152	11,5500460402	-0,479585730953
10,7179792	0	 	 	 
10,7835792	1	69,9006	11,6012740719	1,98416842919
10,7863056	0	 	 	 
10,8508912	1	70,686	11,4727177097	-5,80388444409
10,8573776	0	 	 	 
10,9205776	1	71,4714	11,3859604774	3,31395147661
10,922808	0	 	 	 
10,9888784	1	72,2568	11,5238040358	0,722415839962
10,9912784	0	 	 	 
11,056888	1	73,0422	11,5160413992	-0,950696452632
11,0590928	0	 	 	 
11,1252816	1	73,8276	11,4913372305	0,228284745085
11,1273808	0	 	 	 
11,1935824	1	74,613	11,4994026411	0,00788849263765
11,195688	0	 	 	 
11,26188	1	75,3984	11,4908023561	-0,259735847381
11,2643024	0	 	 	 
11,3302832	1	76,1838	11,5505339281	2,00619133543
11,3329968	0	 	 	 
11,3978832	1	76,9692	11,4223981052	-5,79719201452
11,4043824	0	 	 	 
11,4678864	1	77,7546	11,3341695584	3,2764916245
11,4701808	0	 	 	 
11,5365008	1	78,54	11,4578204458	0,327733944063
11,5389232	0	 	 	 
11,6049808	1	79,3254	 	 
11,6071824	0	 	 	 
